0, 0.022218525409698486
0, 0.010813355445861816
0, 0.013306617736816406
0, 0.02740478515625
0, 0.0192987322807312
0, 0.019378721714019775
0, 0.030824661254882812
0, 0.018058836460113525
0, 0.008732736110687256
0, 0.025211691856384277
0, 0.024891674518585205
0, 0.017265498638153076
0, 0.018098771572113037
0, 0.024978339672088623
0, 0.037590861320495605
0, 0.018358826637268066
0, 0.014192402362823486
0, 0.026504874229431152
0, 0.016392290592193604
0, 0.02331840991973877
0, 0.01569896936416626
0, 0.023051798343658447
0, 0.035997629165649414
0, 0.018418729305267334
0, 0.011506617069244385
0, 0.0044730305671691895
0, 0.025131642818450928
0, 0.018545448780059814
0, 0.024731695652008057
0, 0.014838993549346924
0, 0.020331978797912598
0, 0.028578102588653564
0, 0.013239085674285889
0, 0.026184916496276855
0, 0.02089858055114746
0, 0.019371986389160156
0, 0.018718719482421875
0, 0.0172387957572937
0, 0.022285163402557373
0, 0.022705137729644775
0, 0.026904821395874023
0, 0.016745567321777344
0, 0.009639322757720947
0, 0.01991868019104004
0, 0.021611928939819336
0, 0.02771151065826416
0, 0.03690415620803833
0, 0.006146252155303955
0, 0.019165396690368652
0, 0.020525336265563965
1, 0.02525162696838379
1, 0.027258217334747314
1, 0.021605193614959717
1, 0.024731695652008057
1, 0.01925206184387207
1, 0.015259027481079102
1, 0.022018492221832275
1, 0.015912294387817383
1, 0.017758846282958984
1, 0.020238637924194336
1, 0.026598215103149414
1, 0.018912076950073242
1, 0.015672266483306885
1, 0.017385482788085938
1, 0.009566009044647217
1, 0.018065452575683594
1, 0.00307309627532959
1, 0.012492537498474121
1, 0.01706552505493164
1, 0.018058836460113525
1, 0.018072128295898438
1, 0.011232554912567139
1, 0.01328575611114502
1, 0.015812277793884277
1, 0.02140522003173828
1, 0.014099061489105225
1, 0.012232542037963867
1, 0.025045037269592285
1, 0.011232554912567139
1, 0.03559762239456177
1, 0.025971591472625732
1, 0.01353907585144043
1, 0.016218900680541992
1, 0.023638427257537842
1, 0.014532387256622314
1, 0.01795881986618042
1, 0.03548431396484375
1, 0.017158865928649902
1, 0.020411968231201172
1, 0.024818360805511475
1, 0.016498923301696777
1, 0.02736485004425049
1, 0.030611276626586914
1, 0.024851679801940918
1, 0.013639092445373535
1, 0.009392738342285156
1, 0.016085565090179443
1, 0.02541828155517578
1, 0.02343839406967163
2, 0.0215185284614563
2, 0.030104637145996094
2, 0.023646652698516846
2, 0.023211777210235596
2, 0.01841336488723755
2, 0.03951072692871094
2, 0.010365962982177734
2, 0.014052391052246094
2, 0.02372509241104126
2, 0.017385482788085938
2, 0.021658599376678467
2, 0.008332788944244385
2, 0.032617807388305664
2, 0.018825411796569824
2, 0.02108001708984375
2, 0.020865261554718018
2, 0.01003265380859375
2, 0.015512287616729736
2, 0.015452265739440918
2, 0.02234518527984619
2, 0.00845944881439209
2, 0.014199972152709961
2, 0.023105084896087646
2, 0.029378056526184082
2, 0.017525553703308105
2, 0.020751953125
2, 0.020785272121429443
2, 0.01577228307723999
2, 0.019778668880462646
2, 0.016598880290985107
2, 0.02248513698577881
2, 0.016332268714904785
2, 0.019238710403442383
2, 0.023885071277618408
2, 0.01890665292739868
2, 0.02596491575241089
2, 0.02014535665512085
2, 0.016132235527038574
2, 0.014433324337005615
2, 0.013745784759521484
2, 0.016372203826904297
2, 0.021820008754730225
2, 0.019085407257080078
2, 0.015385627746582031
3, 0.030811309814453125
3, 0.03857743740081787
3, 0.009139955043792725
3, 0.03561758995056152
3, 0.024338364601135254
3, 0.019725382328033447
3, 0.01803213357925415
3, 0.024731695652008057
3, 0.02969139814376831
3, 0.014725685119628906
3, 0.016825556755065918
3, 0.018718719482421875
3, 0.01450568437576294
3, 0.012812495231628418
3, 0.020225346088409424
3, 0.021878540515899658
3, 0.016652226448059082
3, 0.01821213960647583
3, 0.017358839511871338
3, 0.016598880290985107
3, 0.004246413707733154
3, 0.02176523208618164
3, 0.014005720615386963
3, 0.015478968620300293
3, 0.01622563600540161
3, 0.01737213134765625
3, 0.013812422752380371
3, 0.02617824077606201
3, 0.007706105709075928
3, 0.011719226837158203
3, 0.0219385027885437
3, 0.01671886444091797
3, 0.011199235916137695
3, 0.018618762493133545
3, 0.01659226417541504
3, 0.03792417049407959
3, 0.03291118144989014
3, 0.01336580514907837
3, 0.029778003692626953
3, 0.017392218112945557
3, 0.017752110958099365
3, 0.01865208148956299
3, 0.011905848979949951
3, 0.010879278182983398
3, 0.02582496404647827
3, 0.016358911991119385
3, 0.01847207546234131
3, 0.017358839511871338
4, 0.010912597179412842
4, 0.016672194004058838
4, 0.025144994258880615
4, 0.03267115354537964
4, 0.020771920680999756
4, 0.017932116985321045
4, 0.015545666217803955
4, 0.008946061134338379
4, 0.018598735332489014
4, 0.018812119960784912
4, 0.022945165634155273
4, 0.022085189819335938
4, 0.02400505542755127
4, 0.013732433319091797
4, 0.02665156126022339
4, 0.02639162540435791
4, 0.015125691890716553
4, 0.02662670612335205
4, 0.028091490268707275
4, 0.025218307971954346
4, 0.023418426513671875
4, 0.02057194709777832
4, 0.020238637924194336
4, 0.015632271766662598
4, 0.020645320415496826
4, 0.014432370662689209
4, 0.02855813503265381
4, 0.024978339672088623
4, 0.02771151065826416
4, 0.02517831325531006
4, 0.01261913776397705
4, 0.015379011631011963
4, 0.015325665473937988
4, 0.022038519382476807
4, 0.023051798343658447
4, 0.021091938018798828
4, 0.02026534080505371
4, 0.028444766998291016
4, 0.017538785934448242
4, 0.019725382328033447
4, 0.00804668664932251
4, 0.014039039611816406
4, 0.019865334033966064
4, 0.021731913089752197
4, 0.019792020320892334
4, 0.02308511734008789
4, 0.02029198408126831
5, 0.028211474418640137
5, 0.01688551902770996
5, 0.02944469451904297
5, 0.03106456995010376
5, 0.019718647003173828
5, 0.021611928939819336
5, 0.030237972736358643
5, 0.026838183403015137
5, 0.025558292865753174
5, 0.009639322757720947
5, 0.010305941104888916
5, 0.013852417469024658
5, 0.025331616401672363
5, 0.011992573738098145
5, 0.01757216453552246
5, 0.013492465019226074
5, 0.01960533857345581
5, 0.022578537464141846
5, 0.01899874210357666
5, 0.023658454418182373
5, 0.029018044471740723
5, 0.02115190029144287
5, 0.01310575008392334
5, 0.023005127906799316
5, 0.014499008655548096
5, 0.020385265350341797
5, 0.009339332580566406
5, 0.022845149040222168
5, 0.0262182354927063
5, 0.024625062942504883
5, 0.030944645404815674
5, 0.019585371017456055
5, 0.01254582405090332
5, 0.015598952770233154
5, 0.010379314422607422
5, 0.009432733058929443
5, 0.007306158542633057
5, 0.021325290203094482
5, 0.013132452964782715
5, 0.009926021099090576
5, 0.012099206447601318
5, 0.012919127941131592
5, 0.017512202262878418
5, 0.022038519382476807
5, 0.024625062942504883
5, 0.019752025604248047
5, 0.0346643328666687
5, 0.019798696041107178
5, 0.009732663631439209
6, 0.0233650803565979
6, 0.0087127685546875
6, 0.02277851104736328
6, 0.010359346866607666
6, 0.023331761360168457
6, 0.0273248553276062
6, 0.015125691890716553
6, 0.016572177410125732
6, 0.018138766288757324
6, 0.01947331428527832
6, 0.024964988231658936
6, 0.024638354778289795
6, 0.008332788944244385
6, 0.012272477149963379
6, 0.01465904712677002
6, 0.018505394458770752
6, 0.009993374347686768
6, 0.024505019187927246
6, 0.013245820999145508
6, 0.022085189819335938
6, 0.025538265705108643
6, 0.017698824405670166
6, 0.01984536647796631
6, 0.009186029434204102
6, 0.014845669269561768
6, 0.02534496784210205
6, 0.012819111347198486
6, 0.017992138862609863
6, 0.013379096984863281
6, 0.020585298538208008
6, 0.013613343238830566
6, 0.007146179676055908
6, 0.025404930114746094
6, 0.024298369884490967
6, 0.031771183013916016
6, 0.02467167377471924
6, 0.01865208148956299
6, 0.013245820999145508
6, 0.01909869909286499
6, 0.023431777954101562
6, 0.016125619411468506
6, 0.018665432929992676
6, 0.007906138896942139
6, 0.018885374069213867
6, 0.01609891653060913
6, 0.016132235527038574
6, 0.017285525798797607
7, 0.014226675033569336
7, 0.015345633029937744
7, 0.015785574913024902
7, 0.014092445373535156
7, 0.024784982204437256
7, 0.011652529239654541
7, 0.014879047870635986
7, 0.024245083332061768
7, 0.02338510751724243
7, 0.02568495273590088
7, 0.012252509593963623
7, 0.02091193199157715
7, 0.018845438957214355
7, 0.0302312970161438
7, 0.024491727352142334
7, 0.019238710403442383
7, 0.01724553108215332
7, 0.018778741359710693
7, 0.025231659412384033
7, 0.017472147941589355
7, 0.019418716430664062
7, 0.02418506145477295
7, 0.03252452611923218
7, 0.027918100357055664
7, 0.018712103366851807
7, 0.011452555656433105
7, 0.031904518604278564
7, 0.0174521803855896
7, 0.02656489610671997
7, 0.016385555267333984
7, 0.023045122623443604
7, 0.011852502822875977
7, 0.027071475982666016
7, 0.012665808200836182
7, 0.023391783237457275
7, 0.01989203691482544
7, 0.01645892858505249
7, 0.025831639766693115
7, 0.01267915964126587
7, 0.016805529594421387
7, 0.01437234878540039
7, 0.010452628135681152
7, 0.025871574878692627
7, 0.020925283432006836
7, 0.03373771905899048
7, 0.020612001419067383
7, 0.020258665084838867
8, 0.013639986515045166
8, 0.012605786323547363
8, 0.026584863662719727
8, 0.020718634128570557
8, 0.042463839054107666
8, 0.013079166412353516
8, 0.019851982593536377
8, 0.00980597734451294
8, 0.024118363857269287
8, 0.014492392539978027
8, 0.020458638668060303
8, 0.02451169490814209
8, 0.029111385345458984
8, 0.016445577144622803
8, 0.02428501844406128
8, 0.01922541856765747
8, 0.018578767776489258
8, 0.02499830722808838
8, 0.01664555072784424
8, 0.021218597888946533
8, 0.019925355911254883
8, 0.0301780104637146
8, 0.015412330627441406
8, 0.017532169818878174
8, 0.012772440910339355
8, 0.028691470623016357
8, 0.021358609199523926
8, 0.02522498369216919
8, 0.0182187557220459
8, 0.010359346866607666
8, 0.016478896141052246
8, 0.02013331651687622
8, 0.01213914155960083
8, 0.012299180030822754
8, 0.020598649978637695
8, 0.015405595302581787
8, 0.015512287616729736
8, 0.018112123012542725
8, 0.02824479341506958
8, 0.016498923301696777
8, 0.010839223861694336
8, 0.025184988975524902
8, 0.019698679447174072
8, 0.015065670013427734
8, 0.015098989009857178
8, 0.014005720615386963
8, 0.024078428745269775
9, 0.02054530382156372
9, 0.018138766288757324
9, 0.02940469980239868
9, 0.007612824440002441
9, 0.014172375202178955
9, 0.010679304599761963
9, 0.018325448036193848
9, 0.015325665473937988
9, 0.025718271732330322
9, 0.01887202262878418
9, 0.033584415912628174
9, 0.02582496404647827
9, 0.015685617923736572
9, 0.023531734943389893
9, 0.012345850467681885
9, 0.03527766466140747
9, 0.01743215322494507
9, 0.019545376300811768
9, 0.03687083721160889
9, 0.02093195915222168
9, 0.018498778343200684
9, 0.009032726287841797
9, 0.014112412929534912
9, 0.012859165668487549
9, 0.016938865184783936
9, 0.03472435474395752
9, 0.022218525409698486
9, 0.015865623950958252
9, 0.02266514301300049
9, 0.018252074718475342
9, 0.02137857675552368
9, 0.013665735721588135
9, 0.02301180362701416
9, 0.020698606967926025
9, 0.02348506450653076
9, 0.00955265760421753
9, 0.01033926010131836
9, 0.010739266872406006
9, 0.03073793649673462
9, 0.012859165668487549
9, 0.014239013195037842
9, 0.017172157764434814
9, 0.018758773803710938
9, 0.01681220531463623
9, 0.019572019577026367
9, 0.01549232006072998
9, 0.017952144145965576
9, 0.020538628101348877
9, 0.015545666217803955
10, 0.020951926708221436
10, 0.018206655979156494
10, 0.015252292156219482
10, 0.018065452575683594
10, 0.025618255138397217
10, 0.010672569274902344
10, 0.027924835681915283
10, 0.015732288360595703
10, 0.012605786323547363
10, 0.02626490592956543
10, 0.008959412574768066
10, 0.006686210632324219
10, 0.036164283752441406
10, 0.018485426902770996
10, 0.016085565090179443
10, 0.022571802139282227
10, 0.027558207511901855
10, 0.02061861753463745
10, 0.029498040676116943
10, 0.014419019222259521
10, 0.01973867416381836
10, 0.02199852466583252
10, 0.01957869529724121
10, 0.021591901779174805
10, 0.007112860679626465
10, 0.01678556203842163
10, 0.02481168508529663
10, 0.017445504665374756
10, 0.025398313999176025
10, 0.02115863561630249
10, 0.026111602783203125
10, 0.030111312866210938
10, 0.01622563600540161
10, 0.018680036067962646
10, 0.02418506145477295
10, 0.02511829137802124
10, 0.013932406902313232
10, 0.013519108295440674
10, 0.032384514808654785
10, 0.027011573314666748
10, 0.023958444595336914
10, 0.016472220420837402
10, 0.021831870079040527
10, 0.014459073543548584
10, 0.04021066427230835
10, 0.024118363857269287
10, 0.013865768909454346
11, 0.03083127737045288
11, 0.025931596755981445
11, 0.007766127586364746
11, 0.020071983337402344
11, 0.023165106773376465
11, 0.020799994468688965
11, 0.0178987979888916
11, 0.01997196674346924
11, 0.02525162696838379
11, 0.01618558168411255
11, 0.02811145782470703
11, 0.009412705898284912
11, 0.020092010498046875
11, 0.019985318183898926
11, 0.02024531364440918
11, 0.019858717918395996
11, 0.016912221908569336
11, 0.02651822566986084
11, 0.02493828535079956
11, 0.024658381938934326
11, 0.008386075496673584
11, 0.015432298183441162
11, 0.02319180965423584
11, 0.027291536331176758
11, 0.016958892345428467
11, 0.019932031631469727
11, 0.012452483177185059
11, 0.041983842849731445
11, 0.019685328006744385
11, 0.0153389573097229
11, 0.028584718704223633
11, 0.006699562072753906
11, 0.028871357440948486
11, 0.031997859477996826
11, 0.038937389850616455
11, 0.023691773414611816
11, 0.019245386123657227
11, 0.018972039222717285
11, 0.029018044471740723
11, 0.019551992416381836
11, 0.026224970817565918
11, 0.018965423107147217
11, 0.015892326831817627
11, 0.020158708095550537
11, 0.01917201280593872
11, 0.013312458992004395
11, 0.024751663208007812
11, 0.022985100746154785
11, 0.016738831996917725
12, 0.031777918338775635
12, 0.01509237289428711
12, 0.011339247226715088
12, 0.02287846803665161
12, 0.016865551471710205
12, 0.028104782104492188
12, 0.012412548065185547
12, 0.02168518304824829
12, 0.031517863273620605
12, 0.023671746253967285
12, 0.018852055072784424
12, 0.01468569040298462
12, 0.013272404670715332
12, 0.02999138832092285
12, 0.018292129039764404
12, 0.011212587356567383
12, 0.027111530303955078
12, 0.01841336488723755
12, 0.01887202262878418
12, 0.017385482788085938
12, 0.012672483921051025
12, 0.02393174171447754
12, 0.010579288005828857
12, 0.01772552728652954
12, 0.014079093933105469
12, 0.01450568437576294
12, 0.02295851707458496
12, 0.0200653076171875
12, 0.018272101879119873
12, 0.016918838024139404
12, 0.016798853874206543
12, 0.026891589164733887
12, 0.027551472187042236
12, 0.017585456371307373
12, 0.019492030143737793
12, 0.020905256271362305
12, 0.016065597534179688
12, 0.012819111347198486
12, 0.016652226448059082
12, 0.014332354068756104
12, 0.016652226448059082
12, 0.01491236686706543
12, 0.0214652419090271
12, 0.02059197425842285
12, 0.015799999237060547
12, 0.015138983726501465
12, 0.012286663055419922
12, 0.014692366123199463
13, 0.015838921070098877
13, 0.02769148349761963
13, 0.01989203691482544
13, 0.00932610034942627
13, 0.014285683631896973
13, 0.007206141948699951
13, 0.023613333702087402
13, 0.007372796535491943
13, 0.018932044506072998
13, 0.012005865573883057
13, 0.014679014682769775
13, 0.02011197805404663
13, 0.02385842800140381
13, 0.021919965744018555
13, 0.0057329535484313965
13, 0.021805167198181152
13, 0.017612159252166748
13, 0.025231659412384033
13, 0.01577228307723999
13, 0.013632416725158691
13, 0.018272101879119873
13, 0.020551979541778564
13, 0.028484761714935303
13, 0.008146107196807861
13, 0.0323445200920105
13, 0.019598722457885742
13, 0.01731884479522705
13, 0.02813810110092163
13, 0.012312531471252441
13, 0.022265195846557617
13, 0.00889277458190918
13, 0.009026110172271729
13, 0.035077691078186035
13, 0.02362513542175293
13, 0.01547229290008545
13, 0.026778221130371094
13, 0.014472365379333496
13, 0.012725830078125
13, 0.020938575267791748
13, 0.0120391845703125
13, 0.013065814971923828
13, 0.020791947841644287
13, 0.030417978763580322
13, 0.022418498992919922
14, 0.02345174551010132
14, 0.030244648456573486
14, 0.021565258502960205
14, 0.019452035427093506
14, 0.023505091667175293
14, 0.019538700580596924
14, 0.018538713455200195
14, 0.005872905254364014
14, 0.030399978160858154
14, 0.017592191696166992
14, 0.015193343162536621
14, 0.01648557186126709
14, 0.02260512113571167
14, 0.028944730758666992
14, 0.019678711891174316
14, 0.01666557788848877
14, 0.030944645404815674
14, 0.017786681652069092
14, 0.021385252475738525
14, 0.026891589164733887
14, 0.02451997995376587
14, 0.01503896713256836
14, 0.015178978443145752
14, 0.013165771961212158
14, 0.017532169818878174
14, 0.008752763271331787
14, 0.01727217435836792
14, 0.01437908411026001
14, 0.0182187557220459
14, 0.01930534839630127
14, 0.020605266094207764
14, 0.022458553314208984
14, 0.018838703632354736
14, 0.018705368041992188
14, 0.00708615779876709
14, 0.022991836071014404
14, 0.028791427612304688
14, 0.009286046028137207
14, 0.012065887451171875
14, 0.01743215322494507
14, 0.009339332580566406
14, 0.01501232385635376
14, 0.03892409801483154
14, 0.008006095886230469
14, 0.01743215322494507
14, 0.028871357440948486
14, 0.01526564359664917
14, 0.023291826248168945
14, 0.01615893840789795
15, 0.019632041454315186
15, 0.0134657621383667
15, 0.03913074731826782
15, 0.014312386512756348
15, 0.021758556365966797
15, 0.01988530158996582
15, 0.015045702457427979
15, 0.008139431476593018
15, 0.02151334285736084
15, 0.014212369918823242
15, 0.012899160385131836
15, 0.023538410663604736
15, 0.020546674728393555
15, 0.01429903507232666
15, 0.015125691890716553
15, 0.018438756465911865
15, 0.011919200420379639
15, 0.03119790554046631
15, 0.005886256694793701
15, 0.006879568099975586
15, 0.029458045959472656
15, 0.02409839630126953
15, 0.01640552282333374
15, 0.008986055850982666
15, 0.03203785419464111
15, 0.006899535655975342
15, 0.024118363857269287
15, 0.021891891956329346
15, 0.017565488815307617
15, 0.02285182476043701
15, 0.01943868398666382
15, 0.01965200901031494
15, 0.02031862735748291
15, 0.014292418956756592
15, 0.022885143756866455
15, 0.017305493354797363
15, 0.012332499027252197
15, 0.013959109783172607
15, 0.02115190029144287
15, 0.016118884086608887
15, 0.017392218112945557
15, 0.017698824405670166
15, 0.01715219020843506
15, 0.025031685829162598
15, 0.005113005638122559
15, 0.027331531047821045
15, 0.022011876106262207
15, 0.014918982982635498
16, 0.024478375911712646
16, 0.010965943336486816
16, 0.008066117763519287
16, 0.01701885461807251
16, 0.01719886064529419
16, 0.025484979152679443
16, 0.013172447681427002
16, 0.010799288749694824
16, 0.008652746677398682
16, 0.019085407257080078
16, 0.025091707706451416
16, 0.01759999990463257
16, 0.02700483798980713
16, 0.016978859901428223
16, 0.01879209280014038
16, 0.02199190855026245
16, 0.017665505409240723
16, 0.018812119960784912
16, 0.01591891050338745
16, 0.030851244926452637
16, 0.02261185646057129
16, 0.018752098083496094
16, 0.03684419393539429
16, 0.021298587322235107
16, 0.010972559452056885
16, 0.026591598987579346
16, 0.027071475982666016
16, 0.027978122234344482
16, 0.012372493743896484
16, 0.013612449169158936
16, 0.014759063720703125
16, 0.020785272121429443
16, 0.01328575611114502
16, 0.022025227546691895
16, 0.020258665084838867
16, 0.0388907790184021
16, 0.019378721714019775
16, 0.015805602073669434
16, 0.0261649489402771
16, 0.019551992416381836
16, 0.016998887062072754
16, 0.023418426513671875
16, 0.015245676040649414
16, 0.0067795515060424805
16, 0.02375847101211548
16, 0.01261913776397705
16, 0.020312011241912842
16, 0.021478593349456787
16, 0.022578537464141846
17, 0.02372509241104126
17, 0.018939971923828125
17, 0.016032278537750244
17, 0.013045787811279297
17, 0.02430504560470581
17, 0.02194523811340332
17, 0.007579505443572998
17, 0.014772295951843262
17, 0.02675151824951172
17, 0.022438466548919678
17, 0.02335178852081299
17, 0.025578320026397705
17, 0.010752618312835693
17, 0.01401907205581665
17, 0.023471713066101074
17, 0.028038084506988525
17, 0.02446502447128296
17, 0.021751880645751953
17, 0.022086679935455322
17, 0.011152565479278564
17, 0.020658671855926514
17, 0.019092082977294922
17, 0.01071929931640625
17, 0.023018479347229004
17, 0.015245676040649414
17, 0.015838921070098877
17, 0.0294913649559021
17, 0.023885071277618408
17, 0.0195920467376709
17, 0.015992283821105957
17, 0.019365370273590088
17, 0.01257246732711792
17, 0.03255784511566162
17, 0.029351353645324707
17, 0.019625365734100342
17, 0.021085262298583984
17, 0.011412560939788818
17, 0.02674490213394165
17, 0.01689225435256958
17, 0.019465386867523193
17, 0.024091780185699463
17, 0.02195185422897339
17, 0.015592336654663086
17, 0.029124736785888672
17, 0.01793879270553589
17, 0.019258737564086914
17, 0.02176523208618164
17, 0.021545231342315674
18, 0.011906623840332031
18, 0.020045340061187744
18, 0.012352526187896729
18, 0.020305275917053223
18, 0.015252292156219482
18, 0.028104782104492188
18, 0.022565186023712158
18, 0.012812495231628418
18, 0.030517935752868652
18, 0.01945871114730835
18, 0.02529829740524292
18, 0.024985015392303467
18, 0.026498258113861084
18, 0.01477903127670288
18, 0.016593337059020996
18, 0.02348506450653076
18, 0.015405595302581787
18, 0.006186246871948242
18, 0.029244720935821533
18, 0.026464879512786865
18, 0.03571760654449463
18, 0.016505539417266846
18, 0.03611093759536743
18, 0.009446024894714355
18, 0.015025675296783447
18, 0.020051956176757812
18, 0.030491352081298828
18, 0.012872457504272461
18, 0.024258434772491455
18, 0.03483098745346069
18, 0.0233117938041687
18, 0.012505829334259033
18, 0.007706105709075928
18, 0.008046150207519531
18, 0.013019144535064697
18, 0.024385035037994385
18, 0.01754552125930786
18, 0.033931076526641846
18, 0.00870603322982788
18, 0.026004910469055176
18, 0.016805529594421387
18, 0.013599097728729248
18, 0.02385842800140381
18, 0.012892484664916992
18, 0.011465907096862793
18, 0.021425247192382812
18, 0.02470499277114868
18, 0.036324262619018555
18, 0.018605411052703857
19, 0.02266514301300049
19, 0.017158865928649902
19, 0.0175054669380188
19, 0.010405957698822021
19, 0.018352091312408447
19, 0.024578392505645752
19, 0.025384962558746338
19, 0.026784896850585938
19, 0.024618327617645264
19, 0.016978859901428223
19, 0.025558292865753174
19, 0.023198425769805908
19, 0.005959630012512207
19, 0.015645623207092285
19, 0.0167122483253479
19, 0.009219348430633545
19, 0.018838703632354736
19, 0.03950399160385132
19, 0.021851837635040283
19, 0.012599170207977295
19, 0.03322446346282959
19, 0.012292563915252686
19, 0.013045787811279297
19, 0.020418643951416016
19, 0.029191434383392334
19, 0.02522498369216919
19, 0.03237783908843994
19, 0.020071983337402344
19, 0.03200453519821167
19, 0.03293114900588989
19, 0.017738819122314453
19, 0.014365732669830322
19, 0.009732663631439209
19, 0.015585601329803467
19, 0.013399124145507812
19, 0.018192172050476074
19, 0.014485716819763184
19, 0.026451528072357178
19, 0.008226156234741211
19, 0.01683223247528076
19, 0.02515166997909546
19, 0.019858717918395996
19, 0.009812712669372559
19, 0.021098613739013672
19, 0.019718647003173828
19, 0.013179123401641846
19, 0.014992356300354004
19, 0.017960011959075928
19, 0.015592336654663086
20, 0.02169191837310791
20, 0.026764869689941406
20, 0.017885446548461914
20, 0.02534496784210205
20, 0.017445504665374756
20, 0.020785272121429443
20, 0.017765462398529053
20, 0.02370506525039673
20, 0.023911774158477783
20, 0.012345850467681885
20, 0.02524501085281372
20, 0.02783149480819702
20, 0.017718791961669922
20, 0.01825881004333496
20, 0.025031685829162598
20, 0.023251771926879883
20, 0.01697218418121338
20, 0.01966536045074463
20, 0.020612001419067383
20, 0.025498270988464355
20, 0.015005648136138916
20, 0.023091793060302734
20, 0.021038591861724854
20, 0.022078514099121094
20, 0.018012166023254395
20, 0.025351643562316895
20, 0.024478375911712646
20, 0.017652153968811035
20, 0.01628553867340088
20, 0.005866289138793945
20, 0.029984652996063232
20, 0.016165614128112793
20, 0.017032206058502197
20, 0.014320015907287598
20, 0.014438986778259277
20, 0.023711740970611572
20, 0.030417978763580322
20, 0.006746232509613037
20, 0.021351873874664307
20, 0.012772440910339355
20, 0.022285163402557373
20, 0.013485729694366455
20, 0.02679818868637085
20, 0.017145514488220215
20, 0.009766042232513428
20, 0.02614492177963257
20, 0.014452338218688965
20, 0.026464879512786865
21, 0.012652456760406494
21, 0.016072213649749756
21, 0.020351946353912354
21, 0.030064642429351807
21, 0.011119246482849121
21, 0.012099206447601318
21, 0.019258737564086914
21, 0.013165771961212158
21, 0.03075796365737915
21, 0.032486677169799805
21, 0.023125171661376953
21, 0.01336580514907837
21, 0.02168518304824829
21, 0.016472220420837402
21, 0.016798853874206543
21, 0.019486665725708008
21, 0.018752098083496094
21, 0.015280008316040039
21, 0.025944948196411133
21, 0.037244200706481934
21, 0.017358839511871338
21, 0.018132150173187256
21, 0.014185726642608643
21, 0.024045050144195557
21, 0.011545896530151367
21, 0.018705368041992188
21, 0.00949937105178833
21, 0.019432008266448975
21, 0.020558655261993408
21, 0.01684558391571045
21, 0.011379241943359375
21, 0.027118206024169922
21, 0.016138911247253418
21, 0.029891371726989746
21, 0.02391839027404785
21, 0.01491236686706543
21, 0.01099926233291626
21, 0.012432515621185303
21, 0.025038301944732666
21, 0.026604890823364258
21, 0.027658164501190186
21, 0.032444536685943604
21, 0.02105194330215454
21, 0.015705585479736328
21, 0.01803213357925415
21, 0.014212369918823242
21, 0.02014535665512085
21, 0.014325737953186035
22, 0.028464794158935547
22, 0.008152782917022705
22, 0.012965798377990723
22, 0.016545593738555908
22, 0.02102530002593994
22, 0.01683884859085083
22, 0.028711438179016113
22, 0.024545013904571533
22, 0.01809215545654297
22, 0.018858790397644043
22, 0.01892542839050293
22, 0.014585673809051514
22, 0.020951926708221436
22, 0.019492030143737793
22, 0.03084462881088257
22, 0.012199163436889648
22, 0.00637286901473999
22, 0.01465904712677002
22, 0.011665880680084229
22, 0.00655287504196167
22, 0.020598649978637695
22, 0.013532459735870361
22, 0.0094527006149292
22, 0.014618992805480957
22, 0.023945093154907227
22, 0.013139069080352783
22, 0.02861809730529785
22, 0.020665287971496582
22, 0.016752183437347412
22, 0.02477163076400757
22, 0.02609163522720337
22, 0.021225273609161377
22, 0.027384817600250244
22, 0.016445577144622803
22, 0.025184988975524902
22, 0.04200387001037598
22, 0.026284873485565186
22, 0.01561892032623291
22, 0.017185509204864502
22, 0.0295180082321167
22, 0.014412403106689453
22, 0.017945468425750732
22, 0.011565923690795898
22, 0.018825411796569824
22, 0.023811757564544678
22, 0.024791717529296875
22, 0.016552209854125977
22, 0.026418209075927734
22, 0.010685920715332031
23, 0.012725830078125
23, 0.025218307971954346
23, 0.01755213737487793
23, 0.02250516414642334
23, 0.022325217723846436
23, 0.009919345378875732
23, 0.02387171983718872
23, 0.011872529983520508
23, 0.023531734943389893
23, 0.012765824794769287
23, 0.012252509593963623
23, 0.021425247192382812
23, 0.01879209280014038
23, 0.019038677215576172
23, 0.013205766677856445
23, 0.02367842197418213
23, 0.013545751571655273
23, 0.016698896884918213
23, 0.02702486515045166
23, 0.026684880256652832
23, 0.013925790786743164
23, 0.017592191696166992
23, 0.023631751537322998
23, 0.019812047481536865
23, 0.010425984859466553
23, 0.025651633739471436
23, 0.03500431776046753
23, 0.020518600940704346
23, 0.02863144874572754
23, 0.01911872625350952
23, 0.023538410663604736
23, 0.029184699058532715
23, 0.019992053508758545
23, 0.011873304843902588
23, 0.023018479347229004
23, 0.010559320449829102
23, 0.013099133968353271
23, 0.016212284564971924
23, 0.01669222116470337
23, 0.02163851261138916
23, 0.022018492221832275
23, 0.02525162696838379
23, 0.013672411441802979
23, 0.02445167303085327
23, 0.017038822174072266
23, 0.014838993549346924
23, 0.035504281520843506
23, 0.01833212375640869
24, 0.018665432929992676
24, 0.0331578254699707
24, 0.008599400520324707
24, 0.02794480323791504
24, 0.016092300415039062
24, 0.02467167377471924
24, 0.022971749305725098
24, 0.015825629234313965
24, 0.022391855716705322
24, 0.033577799797058105
24, 0.015892326831817627
24, 0.02026534080505371
24, 0.012212514877319336
24, 0.009652674198150635
24, 0.02679157257080078
24, 0.011005878448486328
24, 0.01689225435256958
24, 0.022018492221832275
24, 0.028931379318237305
24, 0.010892629623413086
24, 0.01425236463546753
24, 0.024265050888061523
24, 0.017005503177642822
24, 0.019318699836730957
24, 0.01508563756942749
24, 0.010599315166473389
24, 0.02535831928253174
24, 0.020818591117858887
24, 0.019498705863952637
24, 0.025304973125457764
24, 0.015945613384246826
24, 0.010879278182983398
24, 0.008826076984405518
24, 0.014139056205749512
24, 0.010365962982177734
24, 0.012785792350769043
24, 0.01807880401611328
24, 0.01926666498184204
24, 0.016985535621643066
24, 0.017078876495361328
24, 0.02603822946548462
24, 0.018398761749267578
24, 0.024225056171417236
24, 0.01715219020843506
24, 0.014945685863494873
24, 0.016998887062072754
24, 0.01562565565109253
24, 0.043910443782806396
24, 0.012199163436889648
25, 0.01003265380859375
25, 0.01923203468322754
25, 0.023765087127685547
25, 0.01468569040298462
25, 0.012926697731018066
25, 0.026171565055847168
25, 0.022898495197296143
25, 0.018932044506072998
25, 0.017105519771575928
25, 0.02163851261138916
25, 0.017905473709106445
25, 0.02359175682067871
25, 0.01551896333694458
25, 0.01911872625350952
25, 0.014445722103118896
25, 0.025051653385162354
25, 0.011885881423950195
25, 0.017225563526153564
25, 0.022265195846557617
25, 0.02326512336730957
25, 0.022578537464141846
25, 0.020838558673858643
25, 0.03371107578277588
25, 0.02197331190109253
25, 0.013119101524353027
25, 0.023671746253967285
25, 0.01820540428161621
25, 0.025231659412384033
25, 0.013245820999145508
25, 0.018012166023254395
25, 0.04015064239501953
25, 0.018972039222717285
25, 0.017105519771575928
25, 0.029371321201324463
25, 0.009772658348083496
25, 0.04143059253692627
25, 0.021005213260650635
25, 0.02043861150741577
25, 0.01900535821914673
25, 0.011985838413238525
25, 0.012299180030822754
25, 0.02555161714553833
25, 0.02773815393447876
25, 0.018978774547576904
25, 0.021651864051818848
25, 0.02338510751724243
25, 0.023965060710906982
26, 0.01330578327178955
26, 0.012339174747467041
26, 0.025278329849243164
26, 0.01640552282333374
26, 0.027724862098693848
26, 0.03005802631378174
26, 0.026498258113861084
26, 0.03039795160293579
26, 0.0222051739692688
26, 0.006886184215545654
26, 0.01767885684967041
26, 0.008439421653747559
26, 0.006706178188323975
26, 0.02361840009689331
26, 0.028704702854156494
26, 0.011425912380218506
26, 0.013492465019226074
26, 0.019771993160247803
26, 0.018365442752838135
26, 0.022591829299926758
26, 0.02279186248779297
26, 0.017952144145965576
26, 0.012692511081695557
26, 0.026018261909484863
26, 0.024186670780181885
26, 0.014259099960327148
26, 0.0141257643699646
26, 0.012832462787628174
26, 0.02013862133026123
26, 0.020918607711791992
26, 0.026124954223632812
26, 0.02963334321975708
26, 0.01827329397201538
26, 0.019698679447174072
26, 0.011992573738098145
26, 0.019932031631469727
26, 0.011492609977722168
26, 0.012425839900970459
26, 0.007572829723358154
26, 0.018578767776489258
26, 0.02962470054626465
26, 0.014519035816192627
26, 0.018938720226287842
26, 0.017845511436462402
26, 0.015539944171905518
26, 0.02367842197418213
26, 0.018412113189697266
26, 0.018158793449401855
27, 0.02019202709197998
27, 0.013565778732299805
27, 0.016472220420837402
27, 0.019512057304382324
27, 0.011419236660003662
27, 0.018065452575683594
27, 0.02704489231109619
27, 0.026891589164733887
27, 0.017078876495361328
27, 0.024911701679229736
27, 0.011519193649291992
27, 0.03511101007461548
27, 0.023651719093322754
27, 0.011932551860809326
27, 0.02308511734008789
27, 0.01330578327178955
27, 0.010185956954956055
27, 0.018845438957214355
27, 0.006392955780029297
27, 0.01927870512008667
27, 0.027898132801055908
27, 0.02979135513305664
27, 0.011392593383789062
27, 0.027998149394989014
27, 0.03403770923614502
27, 0.009512722492218018
27, 0.02621161937713623
27, 0.015898942947387695
27, 0.024958372116088867
27, 0.011405885219573975
27, 0.032737791538238525
27, 0.021191954612731934
27, 0.01737886667251587
27, 0.025458335876464844
27, 0.02082669734954834
27, 0.01569896936416626
27, 0.007766127586364746
27, 0.02250516414642334
27, 0.030124664306640625
27, 0.022498488426208496
27, 0.022545158863067627
27, 0.009106040000915527
27, 0.02741152048110962
27, 0.03712421655654907
27, 0.01777881383895874
27, 0.030511319637298584
27, 0.01565229892730713
27, 0.02529829740524292
27, 0.01452571153640747
28, 0.03219121694564819
28, 0.007006168365478516
28, 0.011959254741668701
28, 0.02327173948287964
28, 0.01425236463546753
28, 0.01465904712677002
28, 0.02206522226333618
28, 0.013399124145507812
28, 0.03187119960784912
28, 0.020525336265563965
28, 0.020258665084838867
28, 0.016978859901428223
28, 0.021251916885375977
28, 0.02783149480819702
28, 0.015612304210662842
28, 0.012405812740325928
28, 0.009432733058929443
28, 0.024698376655578613
28, 0.02002537250518799
28, 0.015298962593078613
28, 0.02610492706298828
28, 0.017458856105804443
28, 0.019632041454315186
28, 0.03659754991531372
28, 0.020151972770690918
28, 0.006859540939331055
28, 0.016825556755065918
28, 0.024685025215148926
28, 0.017132163047790527
28, 0.018272101879119873
28, 0.02115190029144287
28, 0.02085191011428833
28, 0.009846031665802002
28, 0.021351873874664307
28, 0.012505829334259033
28, 0.008872687816619873
28, 0.01053929328918457
28, 0.018425464630126953
28, 0.02559828758239746
28, 0.011959254741668701
28, 0.022971749305725098
28, 0.02802485227584839
28, 0.01161259412765503
28, 0.017045557498931885
28, 0.022231876850128174
28, 0.022271811962127686
28, 0.016678929328918457
28, 0.02121192216873169
29, 0.028444766998291016
29, 0.025518298149108887
29, 0.013339102268218994
29, 0.023598432540893555
29, 0.023160040378570557
29, 0.019865334033966064
29, 0.030137956142425537
29, 0.011772513389587402
29, 0.025471627712249756
29, 0.035864293575286865
29, 0.010312676429748535
29, 0.023919999599456787
29, 0.017885446548461914
29, 0.017438828945159912
29, 0.03125125169754028
29, 0.03031134605407715
29, 0.026504874229431152
29, 0.014719009399414062
29, 0.02174520492553711
29, 0.02088528871536255
29, 0.01196587085723877
29, 0.024678349494934082
29, 0.014292418956756592
29, 0.01777881383895874
29, 0.018505394458770752
29, 0.03473764657974243
29, 0.008346140384674072
29, 0.030324697494506836
29, 0.02384507656097412
29, 0.011145949363708496
29, 0.012865781784057617
29, 0.021798551082611084
29, 0.014159083366394043
29, 0.020345330238342285
29, 0.026291608810424805
29, 0.016878902912139893
29, 0.014345705509185791
29, 0.010585963726043701
29, 0.024551689624786377
29, 0.02342510223388672
29, 0.01814669370651245
29, 0.016805529594421387
29, 0.01221919059753418
29, 0.020465314388275146
29, 0.00830608606338501
29, 0.014792382717132568
29, 0.020791947841644287
29, 0.014405667781829834
30, 0.0190199613571167
30, 0.017158865928649902
30, 0.026000022888183594
30, 0.026171565055847168
30, 0.03813081979751587
30, 0.03646421432495117
30, 0.016338884830474854
30, 0.01851874589920044
30, 0.022606611251831055
30, 0.02512502670288086
30, 0.01895207166671753
30, 0.017625510692596436
30, 0.03317779302597046
30, 0.01997196674346924
30, 0.02321845293045044
30, 0.01074594259262085
30, 0.01795881986618042
30, 0.026344895362854004
30, 0.014532387256622314
30, 0.010632634162902832
30, 0.019518673419952393
30, 0.022151827812194824
30, 0.015505611896514893
30, 0.024784982204437256
30, 0.019245386123657227
30, 0.01917201280593872
30, 0.02451169490814209
30, 0.03419774770736694
30, 0.01381903886795044
30, 0.019212067127227783
30, 0.01597893238067627
30, 0.012405812740325928
30, 0.021985173225402832
30, 0.02032536268234253
30, 0.026778221130371094
30, 0.02313840389251709
30, 0.024551689624786377
30, 0.022171854972839355
30, 0.006386220455169678
30, 0.012259185314178467
30, 0.017892181873321533
30, 0.01664555072784424
30, 0.02459174394607544
30, 0.01983201503753662
30, 0.015865623950958252
30, 0.0247117280960083
30, 0.021958589553833008
30, 0.018065452575683594
31, 0.013199090957641602
31, 0.02186518907546997
31, 0.01561892032623291
31, 0.014065742492675781
31, 0.02559828758239746
31, 0.031997859477996826
31, 0.023865103721618652
31, 0.023198425769805908
31, 0.02391839027404785
31, 0.01991868019104004
31, 0.03247112035751343
31, 0.024471700191497803
31, 0.010805904865264893
31, 0.016678929328918457
31, 0.01653885841369629
31, 0.0079994797706604
31, 0.021171867847442627
31, 0.012472450733184814
31, 0.0112992525100708
31, 0.024398386478424072
31, 0.020225346088409424
31, 0.010125994682312012
31, 0.015905559062957764
31, 0.009379386901855469
31, 0.016965508460998535
31, 0.014459073543548584
31, 0.00906604528427124
31, 0.02317178249359131
31, 0.016738831996917725
31, 0.015259027481079102
31, 0.01712554693222046
31, 0.016345560550689697
31, 0.01490563154220581
31, 0.016265571117401123
31, 0.02359175682067871
31, 0.02434670925140381
31, 0.02430504560470581
31, 0.015912294387817383
31, 0.019038677215576172
31, 0.041103899478912354
31, 0.029304683208465576
31, 0.022145211696624756
31, 0.010625958442687988
31, 0.01851332187652588
31, 0.013959109783172607
31, 0.022805094718933105
31, 0.02269846200942993
31, 0.023431777954101562
31, 0.02045196294784546
32, 0.012725830078125
32, 0.012066662311553955
32, 0.01381903886795044
32, 0.025444984436035156
32, 0.017225563526153564
32, 0.007666170597076416
32, 0.034364402294158936
32, 0.010379314422607422
32, 0.023971736431121826
32, 0.02417171001434326
32, 0.0316312313079834
32, 0.02675151824951172
32, 0.018572092056274414
32, 0.015438973903656006
32, 0.02506500482559204
32, 0.023905038833618164
32, 0.018805384635925293
32, 0.036457598209381104
32, 0.03823745250701904
32, 0.017792165279388428
32, 0.015598952770233154
32, 0.011245906352996826
32, 0.019318699836730957
32, 0.020031988620758057
32, 0.022818446159362793
32, 0.0134124755859375
32, 0.012925803661346436
32, 0.02005869150161743
32, 0.021578550338745117
32, 0.032184481620788574
32, 0.01678556203842163
32, 0.018112123012542725
32, 0.017965495586395264
32, 0.01632559299468994
32, 0.006232917308807373
32, 0.019092082977294922
32, 0.010592639446258545
32, 0.016985535621643066
32, 0.024891674518585205
32, 0.007799506187438965
32, 0.022451817989349365
32, 0.015765607357025146
32, 0.01353907585144043
32, 0.02603822946548462
32, 0.01743215322494507
32, 0.01780545711517334
32, 0.027978122234344482
32, 0.029098033905029297
32, 0.013825774192810059
33, 0.019392073154449463
33, 0.014032423496246338
33, 0.01478564739227295
33, 0.015365660190582275
33, 0.013279139995574951
33, 0.021231889724731445
33, 0.008946061134338379
33, 0.019978702068328857
33, 0.02093195915222168
33, 0.014245748519897461
33, 0.015132308006286621
33, 0.009952664375305176
33, 0.031111299991607666
33, 0.022871792316436768
33, 0.017092227935791016
33, 0.027778148651123047
33, 0.018752098083496094
33, 0.013665735721588135
33, 0.017392218112945557
33, 0.021385252475738525
33, 0.015532314777374268
33, 0.012439131736755371
33, 0.02207183837890625
33, 0.030824661254882812
33, 0.010132670402526855
33, 0.016572177410125732
33, 0.008719384670257568
33, 0.01460564136505127
33, 0.016192257404327393
33, 0.010605931282043457
33, 0.039930641651153564
33, 0.01579892635345459
33, 0.015065670013427734
33, 0.014972329139709473
33, 0.021651864051818848
33, 0.0071266889572143555
33, 0.017412185668945312
33, 0.019518673419952393
33, 0.02812480926513672
33, 0.016572177410125732
33, 0.011372566223144531
33, 0.02715820074081421
33, 0.020965278148651123
33, 0.02757817506790161
33, 0.013179123401641846
33, 0.02331840991973877
33, 0.017578840255737305
33, 0.01473236083984375
33, 0.031093358993530273
34, 0.019912004470825195
34, 0.02763146162033081
34, 0.013785719871520996
34, 0.0047130584716796875
34, 0.016318917274475098
34, 0.014305710792541504
34, 0.0247117280960083
34, 0.018778741359710693
34, 0.01404571533203125
34, 0.02278512716293335
34, 0.016952216625213623
34, 0.016878902912139893
34, 0.013659119606018066
34, 0.012953341007232666
34, 0.024058401584625244
34, 0.020511984825134277
34, 0.015565633773803711
34, 0.034364402294158936
34, 0.009872674942016602
34, 0.013565778732299805
34, 0.018438756465911865
34, 0.019505321979522705
34, 0.02177184820175171
34, 0.01394575834274292
34, 0.02898472547531128
34, 0.01793879270553589
34, 0.029004693031311035
34, 0.023225128650665283
34, 0.019452035427093506
34, 0.02327173948287964
34, 0.011939167976379395
34, 0.02375847101211548
34, 0.006859540939331055
34, 0.019998669624328613
34, 0.017105519771575928
34, 0.010125994682312012
34, 0.01574563980102539
34, 0.02700483798980713
34, 0.017518818378448486
34, 0.031397879123687744
34, 0.016472220420837402
34, 0.021531879901885986
34, 0.014005720615386963
34, 0.022578537464141846
34, 0.01561892032623291
34, 0.020385265350341797
34, 0.017865478992462158
34, 0.01099926233291626
35, 0.014092445373535156
35, 0.012225866317749023
35, 0.01010596752166748
35, 0.016432225704193115
35, 0.00797945261001587
35, 0.02499830722808838
35, 0.009865999221801758
35, 0.012339174747467041
35, 0.019765377044677734
35, 0.020298659801483154
35, 0.007886111736297607
35, 0.02784484624862671
35, 0.011205911636352539
35, 0.015205621719360352
35, 0.013845741748809814
35, 0.017425537109375
35, 0.02603161334991455
35, 0.02535831928253174
35, 0.017398834228515625
35, 0.013545751571655273
35, 0.017385482788085938
35, 0.007332861423492432
35, 0.03045797348022461
35, 0.022278547286987305
35, 0.014239013195037842
35, 0.021891891956329346
35, 0.015838921070098877
35, 0.02372509241104126
35, 0.028951406478881836
35, 0.020791947841644287
35, 0.01953202486038208
35, 0.027391552925109863
35, 0.02857142686843872
35, 0.02770477533340454
35, 0.027138173580169678
35, 0.028531432151794434
35, 0.02695155143737793
35, 0.02107858657836914
35, 0.023873329162597656
35, 0.01567894220352173
35, 0.00797945261001587
35, 0.02863144874572754
35, 0.02303844690322876
35, 0.020685255527496338
35, 0.024598360061645508
35, 0.006599545478820801
35, 0.01569896936416626
35, 0.02740001678466797
36, 0.0308912992477417
36, 0.03559762239456177
36, 0.01171255111694336
36, 0.010206639766693115
36, 0.025011658668518066
36, 0.02596491575241089
36, 0.019851982593536377
36, 0.020605266094207764
36, 0.02209186553955078
36, 0.02133852243423462
36, 0.02391839027404785
36, 0.02012532949447632
36, 0.010899245738983154
36, 0.016032278537750244
36, 0.011799216270446777
36, 0.01579892635345459
36, 0.023791790008544922
36, 0.009412705898284912
36, 0.020238637924194336
36, 0.029364705085754395
36, 0.010052621364593506
36, 0.01834547519683838
36, 0.025758326053619385
36, 0.024784982204437256
36, 0.023891746997833252
36, 0.017045557498931885
36, 0.015692293643951416
36, 0.018972039222717285
36, 0.01429903507232666
36, 0.028338074684143066
36, 0.028964757919311523
36, 0.02103191614151001
36, 0.013019144535064697
36, 0.01989203691482544
36, 0.011925876140594482
36, 0.016985535621643066
36, 0.008826076984405518
36, 0.01925206184387207
36, 0.01943868398666382
36, 0.019985318183898926
36, 0.012719154357910156
36, 0.016565561294555664
36, 0.02026534080505371
36, 0.01441335678100586
36, 0.00637286901473999
36, 0.022885143756866455
36, 0.014392375946044922
37, 0.03762418031692505
37, 0.0266115665435791
37, 0.01768547296524048
37, 0.023118436336517334
37, 0.022171854972839355
37, 0.027138173580169678
37, 0.029871344566345215
37, 0.01648002862930298
37, 0.023971736431121826
37, 0.014499008655548096
37, 0.02250516414642334
37, 0.01632559299468994
37, 0.03890407085418701
37, 0.025218307971954346
37, 0.008679449558258057
37, 0.01452571153640747
37, 0.019018709659576416
37, 0.0233117938041687
37, 0.03448432683944702
37, 0.017918765544891357
37, 0.030317962169647217
37, 0.0192987322807312
37, 0.022725164890289307
37, 0.021058619022369385
37, 0.01953202486038208
37, 0.018458783626556396
37, 0.02459174394607544
37, 0.021531879901885986
37, 0.02727818489074707
37, 0.01604562997817993
37, 0.01547229290008545
37, 0.031120002269744873
37, 0.008912742137908936
37, 0.008146107196807861
37, 0.015858948230743408
37, 0.024091780185699463
37, 0.014765679836273193
37, 0.008752763271331787
37, 0.019125401973724365
37, 0.020331978797912598
37, 0.02317178249359131
37, 0.016105592250823975
37, 0.028284788131713867
37, 0.025831639766693115
37, 0.014793336391448975
37, 0.02986466884613037
37, 0.020471930503845215
37, 0.017872095108032227
37, 0.017178893089294434
38, 0.012552499771118164
38, 0.017212212085723877
38, 0.013099133968353271
38, 0.02933138608932495
38, 0.014472365379333496
38, 0.019958674907684326
38, 0.015646696090698242
38, 0.02604496479034424
38, 0.012325882911682129
38, 0.018838703632354736
38, 0.013532459735870361
38, 0.013959109783172607
38, 0.0310666561126709
38, 0.018798768520355225
38, 0.013739049434661865
38, 0.01887202262878418
38, 0.029871344566345215
38, 0.01221996545791626
38, 0.009199380874633789
38, 0.024358391761779785
38, 0.01945871114730835
38, 0.027611494064331055
38, 0.014625728130340576
38, 0.008592784404754639
38, 0.023125171661376953
38, 0.02459174394607544
38, 0.021525263786315918
38, 0.019692063331604004
38, 0.029658019542694092
38, 0.009146690368652344
38, 0.03214454650878906
38, 0.02308511734008789
38, 0.023153305053710938
38, 0.016418874263763428
38, 0.009792685508728027
38, 0.007326185703277588
38, 0.016752183437347412
38, 0.029858052730560303
38, 0.009092748165130615
38, 0.01965200901031494
38, 0.009339332580566406
38, 0.03337109088897705
38, 0.024085044860839844
38, 0.017638802528381348
38, 0.02026534080505371
38, 0.022705137729644775
38, 0.029904663562774658
38, 0.01909869909286499
38, 0.01849210262298584
39, 0.015345633029937744
39, 0.01663219928741455
39, 0.017892181873321533
39, 0.016078948974609375
39, 0.021385252475738525
39, 0.019258737564086914
39, 0.021805167198181152
39, 0.020718634128570557
39, 0.018838703632354736
39, 0.017758846282958984
39, 0.025931596755981445
39, 0.02123856544494629
39, 0.010759294033050537
39, 0.023839950561523438
39, 0.02349179983139038
39, 0.02097189426422119
39, 0.024038374423980713
39, 0.02488499879837036
39, 0.021445274353027344
39, 0.020471930503845215
39, 0.008159458637237549
39, 0.018958747386932373
39, 0.008979439735412598
39, 0.015865623950958252
39, 0.020418643951416016
39, 0.025438249111175537
39, 0.025184988975524902
39, 0.022465169429779053
39, 0.019392073154449463
39, 0.02855139970779419
39, 0.012592494487762451
39, 0.017565488815307617
39, 0.029784679412841797
39, 0.016038894653320312
39, 0.029931366443634033
39, 0.021885216236114502
39, 0.019425392150878906
39, 0.028998076915740967
39, 0.010292649269104004
39, 0.01989203691482544
39, 0.019851982593536377
39, 0.01868540048599243
39, 0.032737791538238525
39, 0.019165396690368652
39, 0.012892484664916992
39, 0.017392218112945557
39, 0.01727217435836792
39, 0.021185219287872314
39, 0.010652601718902588
40, 0.01587897539138794
40, 0.01591891050338745
40, 0.014445722103118896
40, 0.010572612285614014
40, 0.029597997665405273
40, 0.01947200298309326
40, 0.012172520160675049
40, 0.00977933406829834
40, 0.01371908187866211
40, 0.013479113578796387
40, 0.014165699481964111
40, 0.0299379825592041
40, 0.02819150686264038
40, 0.018112123012542725
40, 0.02704489231109619
40, 0.013505756855010986
40, 0.019085407257080078
40, 0.024578392505645752
40, 0.025884926319122314
40, 0.030557990074157715
40, 0.014772295951843262
40, 0.01628553867340088
40, 0.023658454418182373
40, 0.021978557109832764
40, 0.009060025215148926
40, 0.02275848388671875
40, 0.023718416690826416
40, 0.036457598209381104
40, 0.01161259412765503
40, 0.015905559062957764
40, 0.015438973903656006
40, 0.024664998054504395
40, 0.024611711502075195
40, 0.0174521803855896
40, 0.010932624340057373
40, 0.028711438179016113
40, 0.011205911636352539
40, 0.012732505798339844
40, 0.018798768520355225
40, 0.017118871212005615
40, 0.02933138608932495
40, 0.011552572250366211
40, 0.012099206447601318
40, 0.021471858024597168
40, 0.02400505542755127
40, 0.015252292156219482
40, 0.01605898141860962
40, 0.020838558673858643
41, 0.015032351016998291
41, 0.016798853874206543
41, 0.017345547676086426
41, 0.02125859260559082
41, 0.01077258586883545
41, 0.022926688194274902
41, 0.020465314388275146
41, 0.02639824151992798
41, 0.007332861423492432
41, 0.012105822563171387
41, 0.021005213260650635
41, 0.019105374813079834
41, 0.03128457069396973
41, 0.02522498369216919
41, 0.043663740158081055
41, 0.020665287971496582
41, 0.025131642818450928
41, 0.021091938018798828
41, 0.013699114322662354
41, 0.024980008602142334
41, 0.033584415912628174
41, 0.021011948585510254
41, 0.024085044860839844
41, 0.021591901779174805
41, 0.01597893238067627
41, 0.03402441740036011
41, 0.02351844310760498
41, 0.014952301979064941
41, 0.020258665084838867
41, 0.027871429920196533
41, 0.020765304565429688
41, 0.017058908939361572
41, 0.01646554470062256
41, 0.00749284029006958
41, 0.027118206024169922
41, 0.01874542236328125
41, 0.02705150842666626
41, 0.02186518907546997
41, 0.0051596760749816895
41, 0.02115863561630249
41, 0.024338364601135254
41, 0.013319075107574463
41, 0.00906604528427124
41, 0.006252884864807129
41, 0.02933138608932495
41, 0.019512057304382324
42, 0.019865334033966064
42, 0.029013335704803467
42, 0.011999189853668213
42, 0.026271581649780273
42, 0.017692208290100098
42, 0.011425912380218506
42, 0.023411810398101807
42, 0.014245748519897461
42, 0.01777881383895874
42, 0.024311721324920654
42, 0.02121192216873169
42, 0.024484992027282715
42, 0.01490563154220581
42, 0.02255183458328247
42, 0.03130453824996948
42, 0.01575225591659546
42, 0.009759366512298584
42, 0.019998669624328613
42, 0.012812495231628418
42, 0.011019229888916016
42, 0.024551689624786377
42, 0.034591078758239746
42, 0.010732591152191162
42, 0.010226011276245117
42, 0.0225866436958313
42, 0.028204739093780518
42, 0.014519035816192627
42, 0.021205246448516846
42, 0.02789151668548584
42, 0.015465617179870605
42, 0.010985910892486572
42, 0.012953341007232666
42, 0.023831725120544434
42, 0.02031862735748291
42, 0.017538785934448242
42, 0.026071548461914062
42, 0.017205476760864258
42, 0.024165034294128418
42, 0.043310463428497314
42, 0.0207253098487854
42, 0.008926093578338623
42, 0.018318772315979004
42, 0.025931596755981445
42, 0.014585673809051514
42, 0.02529168128967285
42, 0.016552209854125977
42, 0.02590489387512207
42, 0.030497968196868896
42, 0.017058908939361572
43, 0.015525639057159424
43, 0.011512577533721924
43, 0.02013862133026123
43, 0.030158042907714844
43, 0.02515166997909546
43, 0.023205101490020752
43, 0.04122394323348999
43, 0.021291911602020264
43, 0.016018927097320557
43, 0.010125994682312012
43, 0.0313112735748291
43, 0.021918535232543945
43, 0.015260040760040283
43, 0.015912294387817383
43, 0.029604673385620117
43, 0.022398531436920166
43, 0.013125836849212646
43, 0.016486644744873047
43, 0.016998887062072754
43, 0.02087193727493286
43, 0.01557224988937378
43, 0.01452571153640747
43, 0.01293247938156128
43, 0.013612449169158936
43, 0.022678494453430176
43, 0.008939385414123535
43, 0.021425247192382812
43, 0.017146706581115723
43, 0.015285611152648926
43, 0.018932044506072998
43, 0.014545738697052002
43, 0.029531359672546387
43, 0.03213781118392944
43, 0.014559030532836914
43, 0.011852502822875977
43, 0.020998597145080566
43, 0.022565186023712158
43, 0.01491236686706543
43, 0.020405292510986328
43, 0.018965423107147217
43, 0.012239992618560791
43, 0.011445939540863037
43, 0.024918317794799805
43, 0.023125171661376953
43, 0.014699041843414307
43, 0.01866668462753296
43, 0.024791717529296875
43, 0.023298442363739014
44, 0.018660008907318115
44, 0.011812567710876465
44, 0.024191737174987793
44, 0.01729881763458252
44, 0.015398979187011719
44, 0.02507162094116211
44, 0.02552497386932373
44, 0.017246663570404053
44, 0.009159386157989502
44, 0.010612666606903076
44, 0.022871792316436768
44, 0.025131642818450928
44, 0.013525784015655518
44, 0.02014535665512085
44, 0.012772440910339355
44, 0.030951261520385742
44, 0.021958589553833008
44, 0.013092458248138428
44, 0.020998597145080566
44, 0.010165989398956299
44, 0.022365152835845947
44, 0.022718489170074463
44, 0.020465314388275146
44, 0.022998452186584473
44, 0.017098844051361084
44, 0.014205694198608398
44, 0.02105194330215454
44, 0.02331840991973877
44, 0.024911701679229736
44, 0.018805384635925293
44, 0.016012251377105713
44, 0.024091780185699463
44, 0.01973867416381836
44, 0.015305638313293457
44, 0.021271884441375732
44, 0.01711219549179077
44, 0.01862543821334839
44, 0.017305493354797363
44, 0.02338510751724243
44, 0.015365660190582275
44, 0.017892181873321533
44, 0.014579057693481445
44, 0.030417978763580322
44, 0.015325665473937988
44, 0.025771617889404297
44, 0.009439349174499512
44, 0.012692511081695557
44, 0.010752618312835693
45, 0.01239919662475586
45, 0.01483994722366333
45, 0.015658974647521973
45, 0.014039039611816406
45, 0.015718936920166016
45, 0.02841806411743164
45, 0.023658454418182373
45, 0.020938575267791748
45, 0.03395777940750122
45, 0.012912511825561523
45, 0.012005865573883057
45, 0.029971301555633545
45, 0.01653224229812622
45, 0.01899874210357666
45, 0.004719674587249756
45, 0.018225491046905518
45, 0.024565041065216064
45, 0.027164876461029053
45, 0.021325290203094482
45, 0.022491872310638428
45, 0.016725599765777588
45, 0.012405812740325928
45, 0.018178820610046387
45, 0.01910001039505005
45, 0.016792237758636475
45, 0.00929272174835205
45, 0.011059284210205078
45, 0.03124457597732544
45, 0.011719226837158203
45, 0.01683223247528076
45, 0.02819812297821045
45, 0.011839210987091064
45, 0.02535831928253174
45, 0.022285163402557373
45, 0.019318699836730957
45, 0.030291318893432617
45, 0.011699199676513672
45, 0.012925803661346436
45, 0.02778482437133789
45, 0.011132597923278809
45, 0.022578537464141846
45, 0.02537834644317627
45, 0.02343839406967163
45, 0.014572322368621826
45, 0.011685848236083984
45, 0.026111602783203125
45, 0.009546041488647461
45, 0.014059066772460938
45, 0.016612231731414795
46, 0.012992501258850098
46, 0.0167655348777771
46, 0.02481168508529663
46, 0.017165541648864746
46, 0.018758773803710938
46, 0.01701223850250244
46, 0.014545738697052002
46, 0.02164524793624878
46, 0.026158273220062256
46, 0.0181654691696167
46, 0.0247650146484375
46, 0.012225866317749023
46, 0.021251916885375977
46, 0.01773214340209961
46, 0.01573890447616577
46, 0.02859807014465332
46, 0.021651864051818848
46, 0.020551979541778564
46, 0.031517863273620605
46, 0.018192172050476074
46, 0.03128457069396973
46, 0.02818477153778076
46, 0.024658381938934326
46, 0.012805759906768799
46, 0.021251916885375977
46, 0.017838776111602783
46, 0.011905848979949951
46, 0.021365225315093994
46, 0.0348777174949646
46, 0.020298659801483154
46, 0.02204519510269165
46, 0.025758326053619385
46, 0.012759149074554443
46, 0.011119246482849121
46, 0.011379241943359375
46, 0.020338594913482666
46, 0.02296513319015503
46, 0.027358174324035645
46, 0.034511029720306396
46, 0.019445359706878662
46, 0.014559030532836914
46, 0.01821213960647583
46, 0.00827944278717041
46, 0.0280115008354187
46, 0.022678494453430176
46, 0.02061861753463745
46, 0.022558510303497314
46, 0.019938647747039795
46, 0.016505539417266846
47, 0.018505394458770752
47, 0.015718936920166016
47, 0.021738529205322266
47, 0.01574563980102539
47, 0.01713883876800537
47, 0.024058401584625244
47, 0.016518890857696533
47, 0.016118884086608887
47, 0.016912221908569336
47, 0.022278547286987305
47, 0.01231914758682251
47, 0.013652384281158447
47, 0.019092082977294922
47, 0.023418426513671875
47, 0.00883936882019043
47, 0.021858572959899902
47, 0.018838703632354736
47, 0.013532459735870361
47, 0.021931886672973633
47, 0.017712175846099854
47, 0.014719009399414062
47, 0.020658671855926514
47, 0.017605483531951904
47, 0.01904541254043579
47, 0.024491727352142334
47, 0.02813810110092163
47, 0.02199190855026245
47, 0.008826076984405518
47, 0.017692208290100098
47, 0.006926238536834717
47, 0.03797745704650879
47, 0.01104670763015747
47, 0.012465834617614746
47, 0.007412850856781006
47, 0.018065452575683594
47, 0.023971736431121826
47, 0.01780545711517334
47, 0.015598952770233154
47, 0.011525928974151611
47, 0.017592191696166992
47, 0.029571354389190674
47, 0.027611494064331055
47, 0.0219118595123291
47, 0.010992646217346191
47, 0.012805759906768799
47, 0.02477163076400757
47, 0.023405075073242188
47, 0.018758773803710938
48, 0.011652529239654541
48, 0.017553329467773438
48, 0.01491236686706543
48, 0.02528667449951172
48, 0.03637087345123291
48, 0.03803741931915283
48, 0.03124457597732544
48, 0.023645102977752686
48, 0.013792455196380615
48, 0.012845814228057861
48, 0.024271667003631592
48, 0.01833873987197876
48, 0.019385337829589844
48, 0.02252519130706787
48, 0.010005950927734375
48, 0.027371466159820557
48, 0.02573162317276001
48, 0.026071548461914062
48, 0.017218828201293945
48, 0.010585963726043701
48, 0.041143953800201416
48, 0.02649158239364624
48, 0.02561163902282715
48, 0.015965580940246582
48, 0.01966536045074463
48, 0.019771993160247803
48, 0.030671238899230957
48, 0.014079093933105469
48, 0.01909869909286499
48, 0.02273184061050415
48, 0.013265788555145264
48, 0.01754552125930786
48, 0.02952474355697632
48, 0.01325911283493042
48, 0.008066117763519287
48, 0.02361840009689331
48, 0.02446502447128296
48, 0.015865623950958252
48, 0.020171940326690674
48, 0.016218900680541992
48, 0.025844931602478027
48, 0.012072503566741943
48, 0.016318917274475098
48, 0.00972604751586914
48, 0.022845149040222168
48, 0.016032278537750244
48, 0.015425682067871094
49, 0.012485802173614502
49, 0.01892542839050293
49, 0.017078876495361328
49, 0.011672556400299072
49, 0.012379169464111328
49, 0.010552644729614258
49, 0.019085407257080078
49, 0.01973867416381836
49, 0.007032871246337891
49, 0.01591891050338745
49, 0.014159083366394043
49, 0.018678784370422363
49, 0.016672194004058838
49, 0.013245820999145508
49, 0.02018529176712036
49, 0.014998972415924072
49, 0.02898472547531128
49, 0.017038822174072266
49, 0.019518673419952393
49, 0.018546700477600098
49, 0.01315242052078247
49, 0.016958892345428467
49, 0.020071983337402344
49, 0.029544711112976074
49, 0.01712554693222046
49, 0.02639162540435791
49, 0.025171637535095215
49, 0.02976471185684204
49, 0.01820540428161621
49, 0.023478448390960693
49, 0.017532169818878174
49, 0.02296513319015503
49, 0.022418498992919922
49, 0.019638657569885254
49, 0.032384514808654785
49, 0.028084754943847656
49, 0.022491872310638428
49, 0.016872167587280273
49, 0.029224753379821777
49, 0.015178978443145752
49, 0.014992356300354004
49, 0.017618834972381592
49, 0.031597912311553955
49, 0.03474438190460205
49, 0.015138983726501465
49, 0.011092603206634521
50, 0.023938357830047607
50, 0.015298962593078613
50, 0.017132163047790527
50, 0.01244586706161499
50, 0.01715219020843506
50, 0.01509237289428711
50, 0.022098541259765625
50, 0.019285380840301514
50, 0.0346643328666687
50, 0.033024489879608154
50, 0.02216517925262451
50, 0.02784484624862671
50, 0.03422439098358154
50, 0.02977132797241211
50, 0.005499660968780518
50, 0.012439131736755371
50, 0.0233117938041687
50, 0.025458335876464844
50, 0.014245748519897461
50, 0.024611711502075195
50, 0.03569763898849487
50, 0.02578490972518921
50, 0.019012093544006348
50, 0.027251482009887695
50, 0.014632344245910645
50, 0.014539003372192383
50, 0.01947200298309326
50, 0.02893805503845215
50, 0.015098989009857178
50, 0.016258955001831055
50, 0.019752025604248047
50, 0.019192099571228027
50, 0.03009134531021118
50, 0.01767885684967041
50, 0.009952664375305176
50, 0.012279212474822998
50, 0.03219121694564819
50, 0.02920466661453247
50, 0.021091938018798828
50, 0.012759149074554443
50, 0.010845959186553955
50, 0.013679087162017822
50, 0.025898277759552002
50, 0.026051580905914307
50, 0.018545448780059814
50, 0.014099061489105225
50, 0.019932031631469727
50, 0.021318554878234863
50, 0.022438466548919678
51, 0.026538193225860596
51, 0.036170899868011475
51, 0.030560016632080078
51, 0.010379314422607422
51, 0.014845669269561768
51, 0.012792527675628662
51, 0.01710665225982666
51, 0.018412113189697266
51, 0.028131484985351562
51, 0.021191954612731934
51, 0.015685617923736572
51, 0.018725454807281494
51, 0.015958964824676514
51, 0.014405667781829834
51, 0.01168668270111084
51, 0.012672483921051025
51, 0.015238940715789795
51, 0.024925053119659424
51, 0.015172302722930908
51, 0.022191882133483887
51, 0.02268517017364502
51, 0.020638585090637207
51, 0.025798261165618896
51, 0.016965508460998535
51, 0.008539378643035889
51, 0.018272101879119873
51, 0.00576627254486084
51, 0.02683156728744507
51, 0.01978534460067749
51, 0.028651416301727295
51, 0.021918535232543945
51, 0.027444839477539062
51, 0.006746232509613037
51, 0.011006653308868408
51, 0.010739266872406006
51, 0.01422572135925293
51, 0.009206056594848633
51, 0.029378056526184082
51, 0.022098541259765625
51, 0.02158665657043457
51, 0.018058836460113525
51, 0.016065597534179688
51, 0.02327173948287964
51, 0.0261266827583313
51, 0.011639177799224854
52, 0.014392375946044922
52, 0.015138983726501465
52, 0.02477163076400757
52, 0.029944658279418945
52, 0.020078659057617188
52, 0.022031843662261963
52, 0.03877741098403931
52, 0.03698420524597168
52, 0.019538700580596924
52, 0.02446502447128296
52, 0.019258737564086914
52, 0.009612679481506348
52, 0.02137857675552368
52, 0.03138458728790283
52, 0.016038894653320312
52, 0.01323246955871582
52, 0.019378721714019775
52, 0.03151124715805054
52, 0.02105194330215454
52, 0.009953320026397705
52, 0.019825398921966553
52, 0.03241783380508423
52, 0.019292056560516357
52, 0.016272246837615967
52, 0.018145442008972168
52, 0.017705440521240234
52, 0.01468569040298462
52, 0.01483231782913208
52, 0.014759063720703125
52, 0.040310680866241455
52, 0.029311418533325195
52, 0.00774616003036499
52, 0.02216517925262451
52, 0.025491654872894287
52, 0.023165106773376465
52, 0.01869213581085205
52, 0.018705368041992188
52, 0.00809943675994873
52, 0.018245458602905273
52, 0.022671818733215332
52, 0.013879060745239258
52, 0.03096461296081543
52, 0.013493359088897705
52, 0.017492175102233887
52, 0.008386075496673584
52, 0.020105302333831787
53, 0.007966160774230957
53, 0.021485209465026855
53, 0.025444984436035156
53, 0.025404930114746094
53, 0.012785792350769043
53, 0.015345633029937744
53, 0.02357172966003418
53, 0.017605483531951904
53, 0.026224970817565918
53, 0.01881873607635498
53, 0.017705440521240234
53, 0.025691628456115723
53, 0.021038591861724854
53, 0.027851462364196777
53, 0.012552499771118164
53, 0.012305796146392822
53, 0.01957869529724121
53, 0.015958964824676514
53, 0.014232397079467773
53, 0.01678556203842163
53, 0.01419907808303833
53, 0.014052391052246094
53, 0.025498270988464355
53, 0.016205549240112305
53, 0.018452107906341553
53, 0.012072503566741943
53, 0.019053339958190918
53, 0.020478665828704834
53, 0.028438091278076172
53, 0.017192184925079346
53, 0.01160585880279541
53, 0.02043861150741577
53, 0.02855139970779419
53, 0.01244586706161499
53, 0.010699272155761719
53, 0.025638282299041748
53, 0.019198715686798096
53, 0.030517935752868652
53, 0.01768547296524048
53, 0.02002537250518799
53, 0.022211849689483643
53, 0.029958009719848633
53, 0.019345402717590332
53, 0.021371901035308838
53, 0.020411968231201172
53, 0.04222387075424194
53, 0.02116525173187256
53, 0.017932116985321045
53, 0.014405667781829834
54, 0.017438828945159912
54, 0.02813810110092163
54, 0.022858500480651855
54, 0.012059211730957031
54, 0.011452555656433105
54, 0.024786651134490967
54, 0.01785212755203247
54, 0.03678417205810547
54, 0.02049201726913452
54, 0.017872095108032227
54, 0.016152262687683105
54, 0.026331603527069092
54, 0.01219254732131958
54, 0.019198715686798096
54, 0.013192474842071533
54, 0.025738239288330078
54, 0.010959267616271973
54, 0.014845669269561768
54, 0.021658599376678467
54, 0.01803874969482422
54, 0.02089858055114746
54, 0.01957869529724121
54, 0.01809215545654297
54, 0.017312169075012207
54, 0.022006630897521973
54, 0.03114461898803711
54, 0.01526564359664917
54, 0.023811757564544678
54, 0.023998379707336426
54, 0.02091193199157715
54, 0.015178978443145752
54, 0.022491872310638428
54, 0.011125922203063965
54, 0.014545738697052002
54, 0.03389108180999756
54, 0.017652153968811035
54, 0.018552064895629883
54, 0.021845221519470215
54, 0.019185364246368408
54, 0.005979597568511963
54, 0.013273298740386963
54, 0.017818808555603027
54, 0.01325911283493042
54, 0.012765824794769287
54, 0.013725757598876953
54, 0.024878382682800293
54, 0.01345914602279663
54, 0.02850472927093506
54, 0.02085191011428833
55, 0.02470499277114868
55, 0.022265195846557617
55, 0.016445577144622803
55, 0.019185364246368408
55, 0.02555161714553833
55, 0.012352526187896729
55, 0.021085262298583984
55, 0.01664555072784424
55, 0.010319292545318604
55, 0.02757817506790161
55, 0.012639105319976807
55, 0.025631606578826904
55, 0.02043861150741577
55, 0.02073192596435547
55, 0.013385772705078125
55, 0.024904966354370117
55, 0.017485499382019043
55, 0.01733219623565674
55, 0.017438828945159912
55, 0.017538785934448242
55, 0.021758556365966797
55, 0.019138693809509277
55, 0.023605048656463623
55, 0.037590861320495605
55, 0.011165916919708252
55, 0.019378721714019775
55, 0.015032351016998291
55, 0.028178155422210693
55, 0.01643890142440796
55, 0.018918752670288086
55, 0.02213186025619507
55, 0.022245168685913086
55, 0.023551762104034424
55, 0.0328177809715271
55, 0.015165627002716064
55, 0.01583230495452881
55, 0.015425682067871094
55, 0.04693019390106201
55, 0.030011355876922607
55, 0.010979294776916504
55, 0.02572500705718994
55, 0.011392593383789062
55, 0.010352611541748047
55, 0.023505091667175293
55, 0.015465617179870605
55, 0.009072721004486084
55, 0.02596491575241089
56, 0.014565706253051758
56, 0.01691335439682007
56, 0.022511839866638184
56, 0.015512287616729736
56, 0.012725830078125
56, 0.013505756855010986
56, 0.026511549949645996
56, 0.02319180965423584
56, 0.022691845893859863
56, 0.015278995037078857
56, 0.015278995037078857
56, 0.011805832386016846
56, 0.014005720615386963
56, 0.01399904489517212
56, 0.011425912380218506
56, 0.02009868621826172
56, 0.010119318962097168
56, 0.022365152835845947
56, 0.01609891653060913
56, 0.0233650803565979
56, 0.013179123401641846
56, 0.022291898727416992
56, 0.0252382755279541
56, 0.02008533477783203
56, 0.03165793418884277
56, 0.028218090534210205
56, 0.016205549240112305
56, 0.01039266586303711
56, 0.020778656005859375
56, 0.01879209280014038
56, 0.02005869150161743
56, 0.01251918077468872
56, 0.01547229290008545
56, 0.015438973903656006
56, 0.025218307971954346
56, 0.010672569274902344
56, 0.022391855716705322
56, 0.02182525396347046
56, 0.03484433889389038
56, 0.021931886672973633
56, 0.0269315242767334
56, 0.017865478992462158
56, 0.01503896713256836
56, 0.023505091667175293
56, 0.012325882911682129
56, 0.013045787811279297
56, 0.008419454097747803
57, 0.011705875396728516
57, 0.021478593349456787
57, 0.028918087482452393
57, 0.018232107162475586
57, 0.007972776889801025
57, 0.020092010498046875
57, 0.016638875007629395
57, 0.025113344192504883
57, 0.016598880290985107
57, 0.018192172050476074
57, 0.019932031631469727
57, 0.019951999187469482
57, 0.02169191837310791
57, 0.03876000642776489
57, 0.015373289585113525
57, 0.022811830043792725
57, 0.026684880256652832
57, 0.019258737564086914
57, 0.011259257793426514
57, 0.023045122623443604
57, 0.01947873830795288
57, 0.02169853448867798
57, 0.015545666217803955
57, 0.020078659057617188
57, 0.020838558673858643
57, 0.009252727031707764
57, 0.02393174171447754
57, 0.01051265001296997
57, 0.02595829963684082
57, 0.01587224006652832
57, 0.016725599765777588
57, 0.01733219623565674
57, 0.028258144855499268
57, 0.01913207769393921
57, 0.027091562747955322
57, 0.017158865928649902
57, 0.0254250168800354
57, 0.02928471565246582
57, 0.015512287616729736
57, 0.0139390230178833
57, 0.02283179759979248
57, 0.02332514524459839
57, 0.015079021453857422
57, 0.03338444232940674
57, 0.022211849689483643
58, 0.011639177799224854
58, 0.014559030532836914
58, 0.026544928550720215
58, 0.017952144145965576
58, 0.019085407257080078
58, 0.029358088970184326
58, 0.018632113933563232
58, 0.02963799238204956
58, 0.017638802528381348
58, 0.019038677215576172
58, 0.025838255882263184
58, 0.014099061489105225
58, 0.030864596366882324
58, 0.014499008655548096
58, 0.014392375946044922
58, 0.011392593383789062
58, 0.017392218112945557
58, 0.01605898141860962
58, 0.026424944400787354
58, 0.02277851104736328
58, 0.016818881034851074
58, 0.030644655227661133
58, 0.01755213737487793
58, 0.021065235137939453
58, 0.010705947875976562
58, 0.020411968231201172
58, 0.008492767810821533
58, 0.020392000675201416
58, 0.015325665473937988
58, 0.01671886444091797
58, 0.028818070888519287
58, 0.012945830821990967
58, 0.017832159996032715
58, 0.010132670402526855
58, 0.023805081844329834
58, 0.01909869909286499
58, 0.03047126531600952
58, 0.0273514986038208
58, 0.02831810712814331
58, 0.024491727352142334
58, 0.01917201280593872
58, 0.011145949363708496
58, 0.014998972415924072
58, 0.020965278148651123
58, 0.01843208074569702
58, 0.011545896530151367
59, 0.016265571117401123
59, 0.008552730083465576
59, 0.01811879873275757
59, 0.018778741359710693
59, 0.018545448780059814
59, 0.030017971992492676
59, 0.02499830722808838
59, 0.018732070922851562
59, 0.01318579912185669
59, 0.023991763591766357
59, 0.011672556400299072
59, 0.02818477153778076
59, 0.011119246482849121
59, 0.02296513319015503
59, 0.010345995426177979
59, 0.013625800609588623
59, 0.013545751571655273
59, 0.02308511734008789
59, 0.028164803981781006
59, 0.011845886707305908
59, 0.02529168128967285
59, 0.01407235860824585
59, 0.01765882968902588
59, 0.008092820644378662
59, 0.01611226797103882
59, 0.01711219549179077
59, 0.019851982593536377
59, 0.021885216236114502
59, 0.017758846282958984
59, 0.026838183403015137
59, 0.01733219623565674
59, 0.024865031242370605
59, 0.037004172801971436
59, 0.018700003623962402
59, 0.02607828378677368
59, 0.01736551523208618
59, 0.01945871114730835
59, 0.008726119995117188
59, 0.014245748519897461
59, 0.011985838413238525
59, 0.02260512113571167
59, 0.020511984825134277
59, 0.012552499771118164
59, 0.017712175846099854
59, 0.02375173568725586
59, 0.028784751892089844
59, 0.014139056205749512
59, 0.013812422752380371
59, 0.005200028419494629
60, 0.03717082738876343
60, 0.035031020641326904
60, 0.021131932735443115
60, 0.009399354457855225
60, 0.011385917663574219
60, 0.023091793060302734
60, 0.01519232988357544
60, 0.013905704021453857
60, 0.011919200420379639
60, 0.028578102588653564
60, 0.02005869150161743
60, 0.018438756465911865
60, 0.02657151222229004
60, 0.025006651878356934
60, 0.036677539348602295
60, 0.010885953903198242
60, 0.020612001419067383
60, 0.01609891653060913
60, 0.031839966773986816
60, 0.018232107162475586
60, 0.020071983337402344
60, 0.017518818378448486
60, 0.02319180965423584
60, 0.018272101879119873
60, 0.021065235137939453
60, 0.026224970817565918
60, 0.02366507053375244
60, 0.010139286518096924
60, 0.02061861753463745
60, 0.01838541030883789
60, 0.014865696430206299
60, 0.019085407257080078
60, 0.011859238147735596
60, 0.035070955753326416
60, 0.021551907062530518
60, 0.021651864051818848
60, 0.018072128295898438
60, 0.024505019187927246
60, 0.0055733323097229
60, 0.025771617889404297
60, 0.0120391845703125
60, 0.008152782917022705
60, 0.025058329105377197
60, 0.021291911602020264
60, 0.027011573314666748
60, 0.021251916885375977
61, 0.021245241165161133
61, 0.018378794193267822
61, 0.02507835626602173
61, 0.020905256271362305
61, 0.01952540874481201
61, 0.01683223247528076
61, 0.016552209854125977
61, 0.028144776821136475
61, 0.01699221134185791
61, 0.012845814228057861
61, 0.016805529594421387
61, 0.01521235704421997
61, 0.021438539028167725
61, 0.013759136199951172
61, 0.017952144145965576
61, 0.01733219623565674
61, 0.02238517999649048
61, 0.00972604751586914
61, 0.01611226797103882
61, 0.021498560905456543
61, 0.01731884479522705
61, 0.010245978832244873
61, 0.02273184061050415
61, 0.02796483039855957
61, 0.020505249500274658
61, 0.015425682067871094
61, 0.0172387957572937
61, 0.020139992237091064
61, 0.02626490592956543
61, 0.020518600940704346
61, 0.01371908187866211
61, 0.007359564304351807
61, 0.006812870502471924
61, 0.0076528191566467285
61, 0.015025675296783447
61, 0.02649158239364624
61, 0.024578392505645752
61, 0.020938575267791748
61, 0.04426372051239014
61, 0.0219385027885437
61, 0.019632041454315186
61, 0.012385845184326172
61, 0.016598880290985107
61, 0.02338510751724243
61, 0.010632634162902832
61, 0.015525639057159424
61, 0.027551472187042236
61, 0.012785792350769043
62, 0.022418498992919922
62, 0.03114461898803711
62, 0.014565706253051758
62, 0.021971821784973145
62, 0.02440500259399414
62, 0.02933800220489502
62, 0.025158345699310303
62, 0.016298890113830566
62, 0.020938575267791748
62, 0.017785489559173584
62, 0.022871792316436768
62, 0.010412633419036865
62, 0.036517560482025146
62, 0.010112643241882324
62, 0.014519035816192627
62, 0.02955806255340576
62, 0.01575225591659546
62, 0.010659337043762207
62, 0.018372058868408203
62, 0.014005720615386963
62, 0.02362513542175293
62, 0.012292563915252686
62, 0.020431995391845703
62, 0.015398979187011719
62, 0.03690415620803833
62, 0.020938575267791748
62, 0.021611928939819336
62, 0.024545013904571533
62, 0.009712696075439453
62, 0.022898495197296143
62, 0.016445577144622803
62, 0.021265268325805664
62, 0.01874542236328125
62, 0.010419309139251709
62, 0.01503896713256836
62, 0.01549232006072998
62, 0.02326512336730957
62, 0.021371901035308838
62, 0.027678191661834717
62, 0.0214652419090271
62, 0.01826542615890503
62, 0.02656489610671997
62, 0.02189856767654419
62, 0.023091793060302734
62, 0.01351243257522583
62, 0.0255049467086792
62, 0.030884623527526855
62, 0.014612376689910889
62, 0.019752025604248047
63, 0.030719995498657227
63, 0.01794666051864624
63, 0.017046689987182617
63, 0.017998814582824707
63, 0.0181654691696167
63, 0.014079093933105469
63, 0.014738976955413818
63, 0.02182525396347046
63, 0.025638282299041748
63, 0.02342510223388672
63, 0.012905776500701904
63, 0.016338884830474854
63, 0.022285163402557373
63, 0.01684558391571045
63, 0.013085782527923584
63, 0.0219118595123291
63, 0.01257246732711792
63, 0.011772513389587402
63, 0.012612521648406982
63, 0.023631751537322998
63, 0.020511984825134277
63, 0.023431777954101562
63, 0.019212067127227783
63, 0.03627091646194458
63, 0.026284873485565186
63, 0.014699041843414307
63, 0.013799071311950684
63, 0.020905256271362305
63, 0.010405957698822021
63, 0.014332354068756104
63, 0.017838776111602783
63, 0.010865926742553711
63, 0.018632113933563232
63, 0.02107858657836914
63, 0.015385627746582031
63, 0.019105374813079834
63, 0.020778656005859375
63, 0.02079862356185913
63, 0.0360642671585083
63, 0.01491236686706543
63, 0.016852200031280518
63, 0.0134124755859375
63, 0.022925138473510742
63, 0.021525263786315918
63, 0.01737213134765625
64, 0.008119463920593262
64, 0.012705802917480469
64, 0.020918607711791992
64, 0.02250516414642334
64, 0.01773214340209961
64, 0.010412633419036865
64, 0.00913935899734497
64, 0.019638657569885254
64, 0.007039487361907959
64, 0.026511549949645996
64, 0.02529829740524292
64, 0.018678784370422363
64, 0.02169853448867798
64, 0.024258434772491455
64, 0.02385842800140381
64, 0.024078428745269775
64, 0.01653885841369629
64, 0.023838400840759277
64, 0.03701752424240112
64, 0.024198412895202637
64, 0.018025517463684082
64, 0.0287247896194458
64, 0.020965278148651123
64, 0.012959182262420654
64, 0.01592564582824707
64, 0.02763146162033081
64, 0.010960042476654053
64, 0.016545593738555908
64, 0.020818591117858887
64, 0.011133313179016113
64, 0.01505899429321289
64, 0.022271811962127686
64, 0.01293247938156128
64, 0.015032351016998291
64, 0.012305796146392822
64, 0.01351243257522583
64, 0.01562565565109253
64, 0.021445274353027344
64, 0.013665735721588135
64, 0.018918752670288086
64, 0.005452930927276611
64, 0.026318252086639404
64, 0.03409773111343384
64, 0.016672194004058838
64, 0.018572092056274414
64, 0.011825919151306152
64, 0.025638282299041748
64, 0.01573890447616577
64, 0.029944658279418945
65, 0.014466643333435059
65, 0.017845511436462402
65, 0.017712175846099854
65, 0.023225128650665283
65, 0.018178820610046387
65, 0.022278547286987305
65, 0.014405667781829834
65, 0.01943868398666382
65, 0.02168518304824829
65, 0.02397841215133667
65, 0.016432225704193115
65, 0.03299778699874878
65, 0.03149127960205078
65, 0.0259515643119812
65, 0.022325217723846436
65, 0.020891964435577393
65, 0.009086072444915771
65, 0.0120125412940979
65, 0.01708000898361206
65, 0.011245906352996826
65, 0.026524901390075684
65, 0.024245083332061768
65, 0.007986128330230713
65, 0.0073128342628479
65, 0.015858948230743408
65, 0.017765462398529053
65, 0.02933138608932495
65, 0.020478665828704834
65, 0.019486665725708008
65, 0.03558427095413208
65, 0.008126139640808105
65, 0.01798546314239502
65, 0.03184455633163452
65, 0.018052101135253906
65, 0.02238517999649048
65, 0.025844931602478027
65, 0.026511549949645996
65, 0.03163784742355347
65, 0.011339247226715088
65, 0.013925790786743164
65, 0.011005878448486328
65, 0.0193253755569458
65, 0.009479403495788574
65, 0.024751663208007812
65, 0.017058908939361572
65, 0.01592564582824707
65, 0.02746480703353882
65, 0.01653224229812622
65, 0.016985535621643066
66, 0.024611711502075195
66, 0.01553332805633545
66, 0.015538930892944336
66, 0.020205318927764893
66, 0.022558510303497314
66, 0.011959254741668701
66, 0.0208052396774292
66, 0.022025227546691895
66, 0.01663219928741455
66, 0.03703087568283081
66, 0.014039039611816406
66, 0.029411375522613525
66, 0.01683884859085083
66, 0.010812640190124512
66, 0.023971736431121826
66, 0.0188787579536438
66, 0.0153123140335083
66, 0.01557224988937378
66, 0.02031862735748291
66, 0.022458553314208984
66, 0.010606646537780762
66, 0.017532169818878174
66, 0.022451817989349365
66, 0.012819111347198486
66, 0.034386634826660156
66, 0.022978484630584717
66, 0.01587224006652832
66, 0.016525566577911377
66, 0.014165699481964111
66, 0.026498258113861084
66, 0.02379840612411499
66, 0.031877875328063965
66, 0.021018564701080322
66, 0.01711219549179077
66, 0.028578102588653564
66, 0.010933339595794678
66, 0.036277592182159424
66, 0.015725672245025635
66, 0.0174521803855896
66, 0.022325217723846436
66, 0.012153327465057373
66, 0.041077256202697754
66, 0.0051596760749816895
66, 0.01767885684967041
66, 0.02345174551010132
66, 0.029879987239837646
66, 0.025691628456115723
66, 0.01731884479522705
66, 0.02137857675552368
67, 0.013485729694366455
67, 0.016178905963897705
67, 0.01617223024368286
67, 0.025791645050048828
67, 0.02561163902282715
67, 0.019671976566314697
67, 0.02797144651412964
67, 0.025025010108947754
67, 0.029551327228546143
67, 0.02155858278274536
67, 0.025353312492370605
67, 0.019365370273590088
67, 0.012945830821990967
67, 0.014305710792541504
67, 0.021785199642181396
67, 0.021658599376678467
67, 0.026071548461914062
67, 0.02116525173187256
67, 0.018985390663146973
67, 0.026898205280303955
67, 0.014465689659118652
67, 0.021385252475738525
67, 0.029578030109405518
67, 0.02037864923477173
67, 0.020458638668060303
67, 0.013965725898742676
67, 0.010532617568969727
67, 0.020598649978637695
67, 0.01267915964126587
67, 0.016985535621643066
67, 0.018318772315979004
67, 0.006419539451599121
67, 0.023838400840759277
67, 0.01947873830795288
67, 0.018592119216918945
67, 0.014765679836273193
67, 0.034157752990722656
67, 0.018812119960784912
67, 0.01886540651321411
67, 0.021791934967041016
67, 0.017458856105804443
67, 0.016372203826904297
67, 0.010965943336486816
67, 0.012472450733184814
67, 0.014452338218688965
67, 0.009885966777801514
67, 0.017518818378448486
67, 0.0228918194770813
67, 0.011672556400299072
68, 0.026938199996948242
68, 0.01627892255783081
68, 0.02769148349761963
68, 0.027804791927337646
68, 0.02400505542755127
68, 0.009239375591278076
68, 0.01033926010131836
68, 0.037064194679260254
68, 0.012592494487762451
68, 0.015358984470367432
68, 0.016418874263763428
68, 0.016725599765777588
68, 0.03872412443161011
68, 0.004493057727813721
68, 0.006926238536834717
68, 0.018718719482421875
68, 0.015885591506958008
68, 0.02011197805404663
68, 0.013425827026367188
68, 0.02045196294784546
68, 0.014765679836273193
68, 0.029144763946533203
68, 0.012952446937561035
68, 0.01468569040298462
68, 0.0240250825881958
68, 0.02827143669128418
68, 0.012026667594909668
68, 0.030037999153137207
68, 0.02512502670288086
68, 0.02255183458328247
68, 0.020258665084838867
68, 0.0153389573097229
68, 0.026824891567230225
68, 0.020445287227630615
68, 0.017392218112945557
68, 0.021065235137939453
68, 0.023951709270477295
68, 0.028224825859069824
68, 0.01915872097015381
68, 0.02263331413269043
68, 0.013279139995574951
68, 0.023380041122436523
68, 0.024218380451202393
68, 0.012812495231628418
68, 0.025144994258880615
68, 0.011085927486419678
68, 0.022951781749725342
68, 0.019692063331604004
68, 0.021805167198181152
69, 0.022871792316436768
69, 0.014232397079467773
69, 0.015419960021972656
69, 0.014592409133911133
69, 0.022338509559631348
69, 0.03025132417678833
69, 0.02625828981399536
69, 0.011779248714447021
69, 0.0073528289794921875
69, 0.010205984115600586
69, 0.02836477756500244
69, 0.02771812677383423
69, 0.016778886318206787
69, 0.02695155143737793
69, 0.04491037130355835
69, 0.03343111276626587
69, 0.025038301944732666
69, 0.010632634162902832
69, 0.03733748197555542
69, 0.031171202659606934
69, 0.014559030532836914
69, 0.01407235860824585
69, 0.020891964435577393
69, 0.02248513698577881
69, 0.01483231782913208
69, 0.019565343856811523
69, 0.021505236625671387
69, 0.01345914602279663
69, 0.029291391372680664
69, 0.025531649589538574
69, 0.0247117280960083
69, 0.012652456760406494
69, 0.007799506187438965
69, 0.011972486972808838
69, 0.01632559299468994
69, 0.019205331802368164
69, 0.02308511734008789
69, 0.014205694198608398
69, 0.01477903127670288
69, 0.025264978408813477
69, 0.024265050888061523
69, 0.02042531967163086
69, 0.020351946353912354
69, 0.016418874263763428
69, 0.004353046417236328
69, 0.025384962558746338
70, 0.01777881383895874
70, 0.015992283821105957
70, 0.017412185668945312
70, 0.014599025249481201
70, 0.013639092445373535
70, 0.024031758308410645
70, 0.013172447681427002
70, 0.02607828378677368
70, 0.02349179983139038
70, 0.01074594259262085
70, 0.01666557788848877
70, 0.01922541856765747
70, 0.021371901035308838
70, 0.012419164180755615
70, 0.003986358642578125
70, 0.02134525775909424
70, 0.02511829137802124
70, 0.017925500869750977
70, 0.017085492610931396
70, 0.011160016059875488
70, 0.009966015815734863
70, 0.015205621719360352
70, 0.02290511131286621
70, 0.015552282333374023
70, 0.011825919151306152
70, 0.02943134307861328
70, 0.032491207122802734
