==== The result is:  G: F[ok]=0.5898339748382568 [0.0, 1.0, 0.09262995, 1.0, 0.0, 0.0, 0.0, 0.0, 0.19186956, 1.0, 1.0, 1.0, 1.0, 0.0]


============================

GEN: 73 best ind(0):  G: F[ok]=0.5898339748382568 [0.0, 1.0, 0.09262995, 1.0, 0.0, 0.0, 0.0, 0.0, 0.19186956, 1.0, 1.0, 1.0, 1.0, 0.0]
genome: [1.0, 1.0, 0.09262995, 0.0, 1.0, 0.0, 0.0, 0.0, 0.0, 0.0, 0.0, 0.0, 0.19186956, 0.0, 1.0, 1.0, 1.0, 0.0, 1.0, 0.0]
genome: [0.0, 1.0, 0.09262995, 1.0, 0.9340494, 0.0, 0.0, 0.0, 0.0, 0.0, 0.0, 0.0, 0.19186956, 0.0, 1.0, 1.0, 1.0, 0.0, 1.0, 0.0]
genome: [1.0, 1.0, 0.09262995, 0.1462722, 1.0, 0.0, 0.068960905, 0.0, 0.0, 0.0, 0.0, 0.0, 0.19186956, 0.0, 1.0, 1.0, 1.0, 0.0, 1.0, 0.12486204]
[AbstractHannsNode] <-io/inStates Received new reinforcement & state description [0.0, 0.16322523, 0.012486204]
Fitness read is this: 0.3915472
genome: [1.0, 1.0, 0.023500618, 1.0, 0.79558754, 0.0, 0.0, 0.0, 0.0, 0.0, 0.0, 0.0, 0.19186956, 0.0, 1.0, 1.0, 1.0, 0.0, 1.0, 0.0]
Fitness read is this: 0.52721816
genome: [1.0, 1.0, 0.09262995, 0.0, 1.0, 0.0, 0.0, 0.0, 0.0, 0.0, 0.0, 0.0, 0.19186956, 0.0, 1.0, 1.0, 1.0, 0.0, 1.0, 0.12486204]
Fitness read is this: 0.5122392
genome: [1.0, 1.0, 0.09262995, 0.1462722, 1.0, 0.0, 0.068960905, 0.0, 0.0, 0.0, 0.0, 0.0, 0.19186956, 0.0, 1.0, 1.0, 1.0, 0.0, 1.0, 0.0]
Fitness read is this: 0.46780884
genome: [0.0, 1.0, 0.09262995, 0.0, 0.0, 0.0, 0.0, 0.0, 0.0, 0.0, 0.0, 0.0, 0.19186956, 0.0, 1.0, 0.37691933, 1.0, 0.0, 1.0, 0.23317379]
Fitness read is this: 0.33877742
genome: [0.0, 0.38245878, 0.09262995, 0.87280285, 0.21726815, 0.0, 0.0, 0.0, 0.0, 0.0, 0.0, 0.0, 0.19186956, 0.0, 0.8108583, 1.0, 0.7373636, 0.0, 1.0, 0.0]
Fitness read is this: 0.39749348
genome: [1.0, 1.0, 0.09262995, 0.0, 1.0, 0.0, 0.10177653, 0.0, 0.0, 0.0, 0.0, 0.0, 0.19186956, 0.0, 1.0, 1.0, 1.0, 0.0, 1.0, 0.0]
Fitness read is this: 0.2792281
genome: [0.0, 1.0, 0.70631945, 1.0, 0.21726815, 0.0, 1.0, 0.14936651, 0.0, 0.0, 0.0, 0.0, 0.19186956, 0.0, 0.07268123, 0.37691933, 1.0, 0.0, 1.0, 0.23317379]
Fitness read is this: 0.38850743
genome: [0.0, 1.0, 0.09262995, 0.0, 0.0, 0.0, 0.0, 0.0, 0.0, 0.0, 0.0, 0.0, 0.19186956, 0.0, 1.0, 1.0, 1.0, 0.0, 1.0, 0.57401204]
Fitness read is this: 0.3769349
genome: [0.0, 1.0, 0.09262995, 1.0, 0.0, 0.0, 0.0, 0.0, 0.0, 0.0, 0.0, 0.0, 0.19186956, 0.0, 1.0, 1.0, 1.0, 0.0, 1.0, 0.0]
[AbstractHannsNode] <-io/inStates Received new reinforcement & state description [0.0, 0.1, 0.057401206]
Fitness read is this: 0.08462769
genome: [0.13988358, 0.38245878, 0.47607976, 0.87280285, 0.21726815, 0.0, 0.0, 0.0, 0.0, 0.0, 0.0, 0.0, 0.19186956, 0.0, 1.0, 1.0, 1.0, 0.0, 1.0, 0.0]
Fitness read is this: 0.42201853
genome: [0.0, 0.38245878, 0.09262995, 0.87280285, 0.21726815, 0.42343765, 0.0, 0.0, 0.0, 0.0, 0.0, 0.0, 1.0, 0.0, 1.0, 1.0, 1.0, 0.0, 1.0, 0.12486204]
Fitness read is this: 0.53423107
genome: [1.0, 1.0, 0.09262995, 0.1462722, 1.0, 0.0, 0.068960905, 0.0, 0.0, 0.0, 0.0, 0.0, 0.19186956, 0.0, 1.0, 1.0, 1.0, 0.0, 1.0, 0.0]
[AbstractHannsNode] <-io/inStates Received new reinforcement & state description [0.0, 1.1687905, 0.4]
Fitness read is this: 0.0042663813
genome: [0.0, 1.0, 0.09262995, 1.0, 0.0, 0.0, 0.0, 0.0, 0.0, 0.0, 0.0, 0.0, 0.19186956, 0.0, 1.0, 1.0, 1.0, 0.0, 1.0, 0.0]
Fitness read is this: 0.5067595
genome: [1.0, 1.0, 0.31806546, 0.0, 1.0, 0.0, 0.0, 0.0, 0.0, 0.0, 0.0, 0.0, 0.03524119, 0.0, 1.0, 1.0, 1.0, 0.0, 1.0, 0.0]
Fitness read is this: 0.35728955
genome: [1.0, 1.0, 0.0, 0.7060547, 0.0, 0.0, 0.0, 0.0, 0.0, 0.0, 0.0, 0.0, 0.19186956, 0.0, 1.0, 1.0, 1.0, 0.0, 1.0, 0.0]
[AbstractHannsNode] <-io/inStates Received new reinforcement & state description [0.0, 0.4, 0.2]
[AbstractHannsNode] <-io/inStates Received new reinforcement & state description [0.0, 0.3, 0.1]
Fitness read is this: 0.51674557
genome: [1.0, 1.0, 0.0, 0.7060547, 1.0, 0.0, 0.0, 0.0, 0.0, 0.0, 0.0, 0.0, 1.0, 0.0, 1.0, 1.0, 1.0, 0.0, 1.0, 0.0]
Fitness read is this: 0.50515294
genome: [1.0, 1.0, 0.0, 0.7060547, 1.0, 0.0, 0.0, 0.0, 0.0, 0.0, 0.0, 0.0, 0.03524119, 0.0, 1.0, 1.0, 1.0, 0.0, 1.0, 1.0]
Fitness read is this: 0.42469168
genome: [1.0, 1.0, 0.31806546, 0.0, 1.0, 0.0, 0.0, 0.0, 0.0, 0.0, 0.0, 0.0, 1.0, 0.0, 1.0, 1.0, 1.0, 0.0, 1.0, 0.0]
Fitness read is this: 0.5635091
genome: [0.0, 0.38245878, 0.09262995, 1.0, 0.0, 0.0, 0.0, 0.0, 0.0, 0.0, 0.0, 0.0, 0.19186956, 0.0, 1.0, 1.0, 1.0, 0.0, 1.0, 0.0]
Fitness read is this: 0.24240667
genome: [0.0, 1.0, 0.09262995, 1.0, 0.9340494, 0.0, 0.0, 0.0, 0.0, 0.0, 0.0, 0.0, 0.19186956, 0.0, 1.0, 0.25423217, 1.0, 0.0, 1.0, 0.0]
Fitness read is this: 0.47588825
genome: [0.0, 1.0, 0.09262995, 1.0, 1.0, 0.0, 0.0, 0.0, 0.0, 0.0, 0.0, 0.0, 0.19186956, 0.0, 0.8108583, 1.0, 0.7373636, 0.0, 1.0, 0.0]
Fitness read is this: 0.5014132
genome: [0.0, 0.38245878, 0.09262995, 0.87280285, 0.21726815, 0.0, 0.0, 0.0, 0.0, 0.0, 0.0, 0.0, 0.19186956, 0.0, 1.0, 1.0, 1.0, 0.0, 1.0, 0.0]
Fitness read is this: 0.18612093
genome: [1.0, 1.0, 0.023500618, 1.0, 0.79558754, 0.0, 0.0, 0.0, 0.0, 0.0, 0.0, 0.0, 0.03524119, 0.0, 1.0, 1.0, 1.0, 0.0, 1.0, 0.0]
Fitness read is this: 0.52639824
genome: [1.0, 1.0, 0.31806546, 0.0, 1.0, 0.0, 0.0, 0.0, 0.0, 0.0, 0.0, 0.0, 0.19186956, 0.0, 1.0, 1.0, 1.0, 0.0, 1.0, 0.0]
[AbstractHannsNode] <-io/inStates Received new reinforcement & state description [1.0, 0.22350062, 1.1]
[AbstractHannsNode] <-io/inStates Received new reinforcement & state description [0.0, 0.1, 0.0]
Fitness read is this: 0.5372242
genome: [1.0, 1.0, 0.023500618, 1.0, 0.79558754, 0.0, 0.0, 0.0, 0.0, 0.0, 0.0, 0.0, 0.19186956, 0.0, 1.0, 0.10340674, 1.0, 0.0, 1.0, 0.0]
Fitness read is this: 0.4756416
genome: [0.0, 1.0, 0.09262995, 1.0, 1.0, 0.0, 0.0, 0.0, 0.0, 0.0, 0.0, 0.0, 0.19186956, 0.0, 1.0, 1.0, 1.0, 0.0, 1.0, 0.0]
Fitness read is this: 0.4479168
genome: [0.0, 1.0, 0.09262995, 0.0, 0.0, 0.0, 0.3448671, 0.0, 0.0, 0.0, 0.0, 0.0, 0.19186956, 0.0, 1.0, 0.37691933, 1.0, 0.0, 1.0, 0.23317379]
Fitness read is this: 0.5481101
genome: [0.0, 1.0, 0.09262995, 1.0, 0.0, 0.0, 0.0, 0.0, 0.0, 0.0, 0.0, 0.0, 0.19186956, 0.0, 1.0, 1.0, 1.0, 0.0, 1.0, 0.0]
Fitness read is this: 0.25964934
genome: [1.0, 1.0, 0.31806546, 0.0, 0.9743307, 0.0, 0.0, 0.0, 0.0, 0.0, 0.0, 0.0, 1.0, 0.0, 1.0, 1.0, 1.0, 0.0, 1.0, 0.0]
Fitness read is this: 0.15881997
genome: [1.0, 1.0, 0.023500618, 1.0, 0.79558754, 0.0, 0.0, 0.0, 0.0, 0.0, 0.0, 0.0, 1.0, 0.0, 1.0, 1.0, 1.0, 0.0, 1.0, 0.0]
[AbstractHannsNode] <-io/inStates Received new reinforcement & state description [0.0, 0.5, 0.2]
Fitness read is this: 0.43051797
genome: [1.0, 0.5228211, 0.0, 0.7060547, 1.0, 0.0, 0.0, 0.0, 0.0, 0.0, 0.0, 0.0, 0.19186956, 0.0, 1.0, 1.0, 0.8136355, 0.0, 1.0, 0.12486204]
Fitness read is this: 0.55744946
genome: [0.0, 1.0, 0.09262995, 1.0, 0.0, 0.0, 0.0, 0.0, 0.0, 0.0, 0.0, 0.0, 0.19186956, 0.0, 1.0, 1.0, 1.0, 0.0, 1.0, 0.23317379]
Fitness read is this: 0.45798945
genome: [1.0, 1.0, 0.0, 0.87280285, 0.21726815, 0.0, 0.0, 0.0, 0.0, 0.0, 0.0, 0.0, 1.0, 0.0, 1.0, 0.37691933, 1.0, 0.0, 1.0, 0.0]
Fitness read is this: 0.49655354
genome: [1.0, 1.0, 0.09262995, 0.0, 1.0, 0.0, 0.0, 0.0, 0.0, 0.0, 0.0, 0.0, 0.19186956, 0.0, 1.0, 1.0, 1.0, 0.0, 1.0, 0.0]
Fitness read is this: 0.53816414
genome: [0.13988358, 0.38245878, 0.47607976, 0.87280285, 0.21726815, 0.0, 0.0, 0.0, 0.0, 0.0, 0.0, 0.0, 0.19186956, 0.0, 1.0, 1.0, 1.0, 0.0, 1.0, 0.0]
Fitness read is this: 0.35349643
genome: [1.0, 1.0, 0.09262995, 0.0, 0.0, 0.0, 0.0, 0.0, 0.0, 0.0, 0.0, 0.0, 0.19186956, 0.0, 1.0, 1.0, 1.0, 0.0, 1.0, 0.12486204]
[AbstractHannsNode] <-io/inStates Received new reinforcement & state description [0.0, 0.0, 0.0]
[AbstractHannsNode] <-io/inStates Received new reinforcement & state description [0.0, 0.1, 0.1]
Fitness read is this: 0.484621
genome: [1.0, 0.5228211, 0.0, 0.7060547, 1.0, 0.0, 0.0, 0.0, 0.0, 0.0, 0.0, 0.0, 0.19186956, 0.0, 1.0, 1.0, 0.8136355, 0.0, 1.0, 0.12486204]
Fitness read is this: 0.5126525
genome: [0.0, 0.38245878, 0.09262995, 0.0, 0.21726815, 0.0, 0.0, 0.0, 0.0, 0.0, 0.0, 0.0, 1.0, 0.0, 1.0, 1.0, 1.0, 0.0, 1.0, 0.0]
Fitness read is this: 0.5337244
genome: [1.0, 1.0, 0.31806546, 0.0, 0.9743307, 0.0, 0.0, 0.0, 0.0, 0.0, 0.0, 0.0, 1.0, 0.0, 1.0, 1.0, 1.0, 0.0, 1.0, 0.0]
[AbstractHannsNode] <-io/inStates Received new reinforcement & state description [0.0, 0.1, 0.1]
[AbstractHannsNode] <-io/inStates Received new reinforcement & state description [0.0, 0.2, 0.1]
Fitness read is this: 0.49036062
genome: [0.0, 0.06038623, 0.09262995, 0.09757646, 0.0, 0.0, 0.0, 0.0, 0.0, 0.0, 0.0, 0.0, 0.19186956, 0.0, 1.0, 0.37691933, 1.0, 0.0, 1.0, 0.0]
Fitness read is this: 0.48488104
genome: [0.13988358, 0.38245878, 0.47607976, 0.87280285, 0.21726815, 0.0, 0.0, 0.0, 0.0, 0.0, 0.0, 0.0, 0.19186956, 0.0, 0.5372632, 1.0, 1.0, 0.0, 1.0, 0.0]
Fitness read is this: 0.48085457
genome: [0.10408548, 1.0, 0.09262995, 0.0, 0.0, 0.0, 0.0, 0.0, 0.0, 0.0, 0.0, 0.0, 0.19186956, 0.0, 1.0, 1.0, 1.0, 0.0, 0.45898777, 0.0]
[AbstractHannsNode] <-io/inStates Received new reinforcement & state description [0.0, 0.3, 0.037691932]
Fitness read is this: 0.33521765
Fitness read is this: 0.52740484
Fitness read is this: 0.23875737
[AbstractEA] Generation ended here, apply operators now!
GEN: 74 best ind(0):  G: F[ok]=0.5898339748382568 [0.0, 1.0, 0.09262995, 1.0, 0.0, 0.0, 0.0, 0.0, 0.19186956, 1.0, 1.0, 1.0, 1.0, 0.0]
genome: [1.0, 1.0, 0.023500618, 0.0, 1.0, 0.0, 0.0, 0.0, 0.0, 0.0, 0.0, 0.0, 0.19186956, 0.0, 1.0, 1.0, 1.0, 0.0, 1.0, 0.0]
genome: [1.0, 1.0, 0.09262995, 0.1462722, 1.0, 0.0, 0.068960905, 0.0, 0.0, 0.0, 0.0, 0.0, 0.19186956, 0.0, 1.0, 1.0, 1.0, 0.0, 1.0, 0.6223684]
genome: [1.0, 1.0, 0.09262995, 1.0, 0.79558754, 0.0, 0.0, 0.0, 0.0, 0.0, 0.0, 0.0, 1.0, 0.0, 1.0, 1.0, 1.0, 0.0, 1.0, 0.0]
Fitness read is this: 0.56269586
genome: [1.0, 1.0, 0.0, 0.7060547, 0.0, 0.0, 0.0, 0.0, 0.0, 0.0, 0.0, 0.0, 0.19186956, 0.0, 1.0, 1.0, 1.0, 0.0, 0.32481527, 0.04049927]
Fitness read is this: 0.50863945
genome: [1.0, 0.5228211, 0.09262995, 0.0, 0.0, 0.0, 0.0, 0.08725936, 0.0, 0.0, 0.0, 0.0, 0.19186956, 0.0, 1.0, 1.0, 1.0, 0.0, 0.45898777, 0.0]
Fitness read is this: 0.30447304
genome: [0.10408548, 1.0, 0.0, 0.7060547, 1.0, 0.0, 0.24904886, 0.0, 0.0, 0.0, 0.0, 0.0, 0.19186956, 0.0, 1.0, 1.0, 0.8136355, 0.0, 1.0, 0.12486204]
Fitness read is this: 0.20143992
genome: [0.0, 1.0, 0.09262995, 0.0, 0.0, 0.0, 0.0, 0.0, 0.0, 0.0, 0.0, 0.0, 0.19186956, 0.0, 1.0, 1.0, 1.0, 0.0, 1.0, 0.0]
Fitness read is this: 0.27220184
genome: [0.0, 1.0, 0.09262995, 1.0, 1.0, 0.0, 0.0, 0.0, 0.0, 0.0, 0.0, 0.0, 0.19186956, 0.0, 1.0, 0.37691933, 1.0, 0.0, 1.0, 0.23317379]
Fitness read is this: 0.31849873
genome: [1.0, 0.5228211, 0.0, 0.87280285, 0.21726815, 0.0, 0.0, 0.0, 0.0, 0.0, 0.0, 0.0, 1.0, 0.0, 1.0, 0.37691933, 1.0, 0.0, 1.0, 0.0]
[AbstractHannsNode] <-io/inStates Received new reinforcement & state description [0.0, 0.1, 0.037691932]
[AbstractHannsNode] <-io/inStates Received new reinforcement & state description [0.0, 0.4, 0.1]
Fitness read is this: 0.3376308
genome: [1.0, 1.0, 0.09262995, 0.0, 0.0, 0.0, 0.0, 0.08725936, 0.0, 0.0, 0.0, 0.0, 0.19186956, 0.0, 1.0, 1.0, 0.0, 0.0, 0.45898777, 0.0]
Fitness read is this: 0.28771412
genome: [0.0, 1.0, 0.09262995, 0.27226034, 0.0, 0.0, 0.0, 0.0, 0.0, 0.0, 0.0, 0.0, 0.6047613, 0.0, 1.0, 1.0, 1.0, 0.0, 1.0, 0.0]
Fitness read is this: 0.49197388
genome: [0.0, 0.06038623, 0.09262995, 1.0, 0.0, 0.0, 0.0, 0.0, 0.0, 0.0, 0.0, 0.0, 0.19186956, 0.0, 1.0, 0.37691933, 1.0, 0.0, 1.0, 0.23317379]
Fitness read is this: 0.24510366
genome: [1.0, 1.0, 0.31806546, 0.0, 1.0, 0.0, 0.0, 0.0, 0.0, 0.0, 0.0, 0.0, 0.19186956, 0.0, 1.0, 1.0, 1.0, 0.0, 1.0, 0.0]
Fitness read is this: 0.4624825
genome: [0.13988358, 0.38245878, 1.0, 0.87280285, 0.21726815, 0.0, 0.0, 0.0, 0.0, 0.0, 0.0, 0.0, 1.0, 0.0, 1.0, 1.0, 1.0, 0.0, 1.0, 0.0]
Fitness read is this: 0.28408104
genome: [1.0, 1.0, 0.0, 1.0, 0.21726815, 0.0, 0.0, 0.0, 0.0, 0.0, 0.0, 0.0, 1.0, 0.0, 1.0, 0.37691933, 1.0, 0.0, 1.0, 0.0]
[AbstractHannsNode] <-io/inStates Received new reinforcement & state description [0.0, 0.1, 0.0]
[AbstractHannsNode] <-io/inStates Received new reinforcement & state description [0.0, 0.2, 0.1]
Fitness read is this: 0.4769482
genome: [1.0, 1.0, 0.31806546, 0.0, 1.0, 0.0, 0.0, 0.0, 0.0, 0.0, 0.0, 0.0, 0.6367592, 0.0, 1.0, 1.0, 0.8136355, 0.0, 1.0, 0.12486204]
Fitness read is this: 0.5435904
genome: [1.0, 0.5228211, 0.0, 0.7060547, 1.0, 0.0, 0.0, 0.0, 0.0, 0.0, 0.0, 0.0, 0.19186956, 0.0, 1.0, 1.0, 1.0, 0.0, 1.0, 0.0]
Fitness read is this: 0.32437176
genome: [1.0, 0.5228211, 0.0, 0.0, 1.0, 0.0, 0.0, 0.0, 0.0, 0.0, 0.0, 0.0, 0.19186956, 0.0, 1.0, 1.0, 0.8136355, 0.0, 1.0, 0.0]
Fitness read is this: 0.4550497
genome: [1.0, 1.0, 0.09262995, 0.1462722, 1.0, 0.0, 0.068960905, 0.0, 0.0, 0.0, 0.0, 0.0, 0.19186956, 0.0, 1.0, 1.0, 1.0, 0.0, 1.0, 0.0]
Fitness read is this: 0.5484301
genome: [0.0, 0.38245878, 0.09262995, 0.87280285, 0.21726815, 0.0, 0.0, 0.0, 0.0, 0.0, 0.0, 0.0, 0.19186956, 0.0, 1.0, 1.0, 1.0, 0.0, 1.0, 0.6223684]
Fitness read is this: 0.52602494
genome: [0.0, 1.0, 0.09262995, 0.27226034, 0.0, 0.0, 0.0, 0.0, 0.0, 0.0, 0.0, 0.0, 0.6047613, 0.0, 1.0, 1.0, 1.0, 0.0, 1.0, 0.0]
[AbstractHannsNode] <-io/inStates Received new reinforcement & state description [0.0, 0.5687904, 0.2]
[AbstractHannsNode] <-io/inStates Received new reinforcement & state description [0.0, 0.4687904, 0.2]
Fitness read is this: 0.42335176
genome: [0.0, 1.0, 0.09262995, 1.0, 0.9340494, 0.0, 0.0, 0.0, 0.0, 0.0, 0.0, 0.0, 0.19186956, 0.0, 1.0, 0.25423217, 1.0, 0.0, 1.0, 0.0]
Fitness read is this: 0.43373114
genome: [0.0, 0.38245878, 0.09262995, 0.87280285, 0.21726815, 0.0, 0.0, 0.0, 0.0, 0.0, 0.0, 0.0, 1.0, 0.0, 1.0, 0.0, 1.0, 0.0, 1.0, 0.0]
Fitness read is this: 0.42868477
genome: [1.0, 1.0, 0.0, 0.87280285, 0.21726815, 0.0, 0.0, 0.0, 0.0, 0.0, 0.0, 0.0, 0.19186956, 0.0, 1.0, 1.0, 1.0, 0.0, 1.0, 0.6223684]
[AbstractHannsNode] <-io/inStates Received new reinforcement & state description [1.0, 0.2, 1.0350397]
Fitness read is this: 0.26988864
genome: [0.13988358, 0.38245878, 0.47607976, 0.87280285, 0.21726815, 0.0, 0.0, 0.0, 0.0, 0.0, 0.0, 0.0, 0.19186956, 0.0, 1.0, 1.0, 0.8136355, 0.0, 1.0, 0.12486204]
Fitness read is this: 0.2434904
genome: [1.0, 0.5228211, 0.0, 0.7060547, 1.0, 0.0, 0.0, 0.0, 0.0, 0.0, 0.0, 0.0, 0.19186956, 0.0, 0.5372632, 1.0, 1.0, 0.0, 1.0, 0.0]
Fitness read is this: 0.40586632
genome: [0.0, 1.0, 0.09262995, 1.0, 0.0, 0.0, 0.0, 0.0, 0.0, 0.0, 0.0, 0.0, 0.19186956, 0.0, 0.62408584, 1.0, 1.0, 0.0, 1.0, 0.0]
[AbstractHannsNode] <-io/inStates Received new reinforcement & state description [0.38245878, 0.7760798, 0.99777526]
Fitness read is this: 0.5084128
genome: [0.0, 1.0, 0.09262995, 1.0, 0.0, 0.0, 0.0, 0.0, 0.0, 0.0, 0.0, 0.0, 0.19186956, 0.0, 1.0, 1.0, 1.0, 0.0, 1.0, 0.23317379]
Fitness read is this: 0.4684288
genome: [0.0, 0.38245878, 0.09262995, 0.87280285, 0.21726815, 0.0, 0.0, 0.0, 0.0, 0.0, 0.0, 0.0, 1.0, 0.0, 1.0, 0.0, 1.0, 0.0, 1.0, 0.0]
Fitness read is this: 0.4001466
genome: [0.0, 0.38245878, 0.09262995, 0.87280285, 0.21726815, 0.0, 0.0, 0.0, 0.0, 0.0, 0.0, 0.0, 1.0, 0.0, 1.0, 0.0, 1.0, 0.0, 1.0, 0.0]
Fitness read is this: 0.3655423
genome: [1.0, 1.0, 0.023500618, 1.0, 0.79558754, 0.0, 0.0, 0.48890892, 0.0, 0.0, 0.0, 0.0, 0.19186956, 0.0, 1.0, 1.0, 1.0, 0.0, 1.0, 0.0]
Fitness read is this: 0.22709149
genome: [0.0, 1.0, 0.09262995, 1.0, 0.0, 1.0, 0.0, 0.0, 0.0, 0.0, 0.0, 0.0, 1.0, 0.0, 1.0, 1.0, 1.0, 0.0, 1.0, 0.0]
Fitness read is this: 0.27188188
genome: [1.0, 0.5228211, 0.0, 1.0, 0.0, 0.0, 0.0, 0.0, 0.0, 0.0, 0.0, 0.0, 0.19186956, 0.0, 1.0, 1.0, 1.0, 0.0, 1.0, 0.23317379]
Fitness read is this: 0.45058995
genome: [0.0, 1.0, 0.09262995, 0.7060547, 1.0, 0.0, 0.0, 0.0, 0.0, 0.0, 0.0, 0.0, 0.0, 0.0, 0.0, 1.0, 0.8651071, 0.0, 1.0, 0.0]
Fitness read is this: 0.0022998452
genome: [0.0, 0.5228211, 0.09262995, 0.0, 0.0, 0.0, 0.0, 0.08725936, 0.0, 0.0, 0.0, 0.0, 0.19186956, 0.0, 1.0, 1.0, 1.0, 0.0, 0.45898777, 0.0]
Fitness read is this: 0.3585561
genome: [1.0, 1.0, 0.09262995, 1.0, 0.0, 0.8780101, 0.0, 0.0, 0.0, 0.0, 0.0, 0.0, 0.19186956, 0.0, 0.62408584, 1.0, 1.0, 0.0, 1.0, 0.0]
[AbstractHannsNode] <-io/inStates Received new reinforcement & state description [0.5228211, 0.2844275, 0.10021576]
Fitness read is this: 0.36095595
genome: [0.0, 1.0, 0.8785155, 1.0, 0.9340494, 0.0, 0.0, 0.0, 0.0, 0.0, 0.0, 0.0, 0.19186956, 0.0, 1.0, 0.37691933, 1.0, 0.0, 1.0, 0.23317379]
Fitness read is this: 0.25014335
genome: [0.0, 1.0, 0.09262995, 1.0, 1.0, 0.0, 0.0, 0.0, 0.0, 0.0, 0.0, 0.0, 0.19186956, 0.0, 1.0, 0.25423217, 1.0, 0.0, 1.0, 0.0]
Fitness read is this: 0.0027131438
genome: [0.0, 1.0, 0.09262995, 0.0, 0.0, 0.0, 0.0, 0.0, 0.0, 0.0, 0.0, 0.0, 0.0, 0.0, 0.0, 1.0, 0.8651071, 0.0, 1.0, 0.0]
[AbstractHannsNode] <-io/inStates Received new reinforcement & state description [1.0, 0.19262995, 0.1]
Fitness read is this: 0.29225332
genome: [0.0, 1.0, 0.09262995, 0.7060547, 1.0, 0.0, 0.0, 0.0, 0.0, 0.0, 0.0, 0.0, 0.19186956, 0.0, 1.0, 1.0, 1.0, 0.0, 1.0, 0.0]
Fitness read is this: 0.17875475
genome: [1.0, 1.0, 0.023500618, 0.0, 1.0, 0.0, 0.0, 0.0, 0.0, 0.0, 0.0, 0.0, 0.19186956, 0.0, 1.0, 1.0, 0.8136355, 0.0, 1.0, 0.12486204]
Fitness read is this: 0.5575295
genome: [0.13988358, 0.38245878, 0.47607976, 0.87280285, 0.21726815, 0.0, 0.0, 0.0, 0.0, 0.0, 0.0, 0.0, 0.19186956, 0.0, 1.0, 1.0, 1.0, 0.0, 1.0, 0.0]
[AbstractHannsNode] <-io/inStates Received new reinforcement & state description [0.0, 0.4, 0.2]
Fitness read is this: 0.49210054
genome: [0.0, 1.0, 0.09262995, 1.0, 1.0, 0.0, 0.0, 0.0, 0.0, 0.0, 0.0, 0.0, 0.19186956, 0.0, 1.0, 1.0, 1.0, 0.0, 1.0, 0.23317379]
Fitness read is this: 0.51631224
genome: [1.0, 0.5228211, 0.0, 1.0, 0.0, 0.0, 0.0, 0.0, 0.0, 0.0, 0.0, 0.0, 0.19186956, 0.0, 1.0, 0.37691933, 1.0, 0.0, 1.0, 0.23317379]
Fitness read is this: 0.50411975
genome: [0.0, 0.38245878, 0.09262995, 0.87280285, 0.21726815, 1.0, 0.0, 0.0, 0.0, 0.0, 0.0, 0.0, 1.0, 0.0, 1.0, 0.0, 1.0, 0.0, 1.0, 0.23317379]
Fitness read is this: 0.57351506
genome: [1.0, 0.5228211, 0.6682848, 1.0, 0.0, 0.0, 0.0, 0.0, 0.0, 0.0, 0.0, 0.0, 0.19186956, 0.0, 1.0, 1.0, 0.044123407, 0.0, 1.0, 0.0]
Fitness read is this: 0.010552645
genome: [0.0, 1.0, 0.0, 0.7060547, 0.8806964, 0.0, 0.0, 0.0, 0.0, 0.0, 0.0, 0.0, 0.19186956, 0.0, 0.0, 1.0, 1.0, 0.0, 0.32481527, 0.04049927]
Fitness read is this: 0.28682756
Fitness read is this: 0.4766482
Fitness read is this: 0.1787414
[AbstractEA] Generation ended here, apply operators now!
GEN: 75 best ind(0):  G: F[ok]=0.5898339748382568 [0.0, 1.0, 0.09262995, 1.0, 0.0, 0.0, 0.0, 0.0, 0.19186956, 1.0, 1.0, 1.0, 1.0, 0.0]
genome: [0.0, 1.0, 0.09262995, 0.0, 0.0, 0.0, 0.0, 0.0, 0.0, 0.0, 0.0, 0.0, 0.668945, 0.0, 1.0, 1.0, 1.0, 0.0, 1.0, 0.6223684]
genome: [1.0, 1.0, 0.0, 0.87280285, 0.21726815, 0.0, 0.0, 0.0, 0.0, 0.0, 0.0, 0.0, 0.0, 0.0, 0.0, 1.0, 0.8651071, 0.0, 1.0, 0.0]
genome: [0.0, 1.0, 0.09262995, 1.0, 1.0, 0.0, 0.0, 0.27264854, 0.0, 0.0, 0.0, 0.0, 0.19186956, 0.0, 1.0, 0.37691933, 1.0, 0.0, 1.0, 0.0]
Fitness read is this: 0.46611333
genome: [1.0, 1.0, 0.0, 0.87280285, 0.0, 0.0, 0.0, 0.0, 0.0, 0.0, 0.0, 0.0, 1.0, 0.0, 1.0, 0.25423217, 1.0, 0.0, 1.0, 0.0]
Fitness read is this: 0.25752282
genome: [0.13988358, 0.38245878, 1.0, 0.87280285, 0.21726815, 0.0, 0.0, 0.0, 0.0, 0.0, 0.0, 0.0, 0.19186956, 0.0, 1.0, 1.0, 1.0, 0.0, 1.0, 0.0]
Fitness read is this: 0.4157856
genome: [0.0, 1.0, 0.09262995, 1.0, 0.0, 0.0, 0.0, 0.0, 0.0, 0.0, 0.0, 0.0, 1.0, 0.0, 1.0, 1.0, 1.0, 0.0, 1.0, 0.0]
[AbstractHannsNode] <-io/inStates Received new reinforcement & state description [1.0, 0.29262996, 1.1]
[AbstractHannsNode] <-io/inStates Received new reinforcement & state description [0.0, 0.1, 0.0]
Fitness read is this: 0.20507967
genome: [1.0, 1.0, 0.4395988, 0.0, 1.0, 0.0, 0.0, 0.0, 0.0, 0.0, 0.0, 0.0, 0.19186956, 0.0, 1.0, 1.0, 0.8136355, 0.0, 1.0, 0.0]
Fitness read is this: 0.54820347
genome: [1.0, 1.0, 0.31806546, 0.0, 1.0, 0.0, 0.0, 0.0, 0.0, 0.0, 0.0, 0.0, 0.19186956, 0.0, 1.0, 1.0, 1.0, 0.0, 1.0, 0.12486204]
Fitness read is this: 0.47979468
genome: [0.0, 0.38245878, 0.09262995, 0.87280285, 0.21726815, 0.0, 0.0, 0.0, 0.0, 0.0, 0.0, 0.0, 1.0, 0.0, 1.0, 0.37691933, 1.0, 0.0, 1.0, 0.0]
[AbstractHannsNode] <-io/inStates Received new reinforcement & state description [0.0, 0.1, 0.012486204]
Fitness read is this: 0.4367842
genome: [0.0, 1.0, 0.09262995, 1.0, 1.0, 0.0, 0.0, 0.27264854, 0.0, 0.0, 0.0, 0.0, 0.19186956, 0.0, 1.0, 0.0, 1.0, 0.0, 1.0, 0.0]
Fitness read is this: 0.4487434
genome: [0.3171382, 1.0, 0.0, 0.87280285, 0.0, 0.0, 0.0, 0.0, 0.0, 0.0, 0.0, 0.0, 0.0, 0.0, 0.0, 1.0, 0.8651071, 0.0, 1.0, 0.0]
Fitness read is this: 0.3236584
genome: [0.0, 1.0, 0.09262995, 0.0, 0.0, 0.0, 0.0, 0.0, 0.0, 0.0, 0.0, 0.0, 0.0, 0.0, 0.0, 1.0, 0.8651071, 0.0, 1.0, 0.0]
Fitness read is this: 0.13096458
genome: [1.0, 1.0, 0.023500618, 0.87280285, 0.21726815, 0.0, 0.0, 0.0, 0.0, 0.0, 0.0, 0.0, 0.0, 0.0, 0.0, 1.0, 0.8651071, 0.0, 1.0, 0.0]
Fitness read is this: 0.5164856
genome: [1.0, 1.0, 0.0, 1.0, 0.79558754, 0.0, 0.0, 0.0, 0.0, 0.0, 0.0, 0.0, 0.19186956, 0.0, 1.0, 1.0, 1.0, 0.0, 1.0, 0.0]
Fitness read is this: 0.40942603
genome: [1.0, 0.5228211, 0.0, 0.0, 1.0, 0.0, 0.0, 0.0, 0.0, 0.0, 0.0, 0.0, 0.19186956, 0.0, 1.0, 1.0, 0.8136355, 0.0, 1.0, 0.0]
Fitness read is this: 0.4118659
genome: [0.0, 1.0, 0.09262995, 1.0, 0.0, 0.0, 0.0, 0.0, 0.0, 0.0, 0.0, 0.0, 0.19186956, 0.0, 0.62408584, 1.0, 1.0, 0.0, 1.0, 0.0]
Fitness read is this: 0.55367637
genome: [1.0, 1.0, 0.0, 0.87280285, 0.21726815, 0.0, 0.0, 0.0, 0.0, 0.0, 0.0, 0.0, 0.0, 0.0, 0.0, 0.37691933, 1.0, 0.0, 1.0, 0.23317379]
Fitness read is this: 0.41919875
genome: [0.0, 1.0, 0.8785155, 1.0, 0.9340494, 0.0, 0.0, 0.0, 0.0, 0.0, 0.0, 0.0, 0.19186956, 0.0, 1.0, 1.0, 0.8651071, 0.0, 1.0, 0.0]
Fitness read is this: 0.47334844
genome: [1.0, 0.5228211, 0.0, 0.7060547, 1.0, 0.0, 0.0, 0.0, 0.0, 0.0, 0.0, 0.0, 0.19186956, 0.0, 0.5372632, 1.0, 1.0, 0.0, 1.0, 0.12486204]
Fitness read is this: 0.28976732
genome: [1.0, 1.0, 0.31806546, 0.0, 1.0, 0.0, 0.0, 0.0, 0.0, 0.0, 0.0, 0.0, 0.19186956, 0.0, 1.0, 1.0, 1.0, 0.0, 1.0, 0.0]
Fitness read is this: 0.3699087
genome: [1.0, 1.0, 0.0, 0.87280285, 0.21726815, 0.0, 0.0, 0.0, 0.0, 0.0, 0.0, 0.0, 0.80667514, 0.0, 0.0, 1.0, 0.8651071, 0.0, 1.0, 0.0]
[AbstractHannsNode] <-io/inStates Received new reinforcement & state description [0.0, 0.1, 0.1]
[AbstractHannsNode] <-io/inStates Received new reinforcement & state description [0.5228211, 0.15372632, 0.8185409]
Fitness read is this: 0.5520032
genome: [1.0, 1.0, 1.0, 0.87280285, 0.21726815, 0.0, 0.0, 0.0, 0.0, 0.0, 0.0, 0.0, 0.0, 0.0, 0.0, 1.0, 0.8651071, 0.0, 1.0, 0.0]
Fitness read is this: 0.4536031
genome: [0.0, 1.0, 0.09262995, 0.0, 0.0, 0.0, 0.0, 0.0, 0.0, 0.0, 0.0, 0.0, 0.0, 0.0, 0.0, 1.0, 0.8651071, 0.0, 1.0, 0.0]
Fitness read is this: 0.5815079
genome: [0.3171382, 1.0, 0.0, 0.87280285, 0.0, 0.0, 0.0, 0.0, 0.0, 0.0, 0.0, 0.0, 0.0, 0.0, 0.0, 1.0, 0.8651071, 0.0, 1.0, 0.0]
[AbstractHannsNode] <-io/inStates Received new reinforcement & state description [0.0, 0.1, 0.0]
[AbstractHannsNode] <-io/inStates Received new reinforcement & state description [0.0, 0.1, 0.1]
Fitness read is this: 0.3860876
genome: [1.0, 1.0, 0.0, 0.87280285, 0.21726815, 0.0, 0.0, 0.0, 0.0, 0.0, 0.0, 0.0, 0.19186956, 0.0, 1.0, 1.0, 0.8651071, 0.0, 1.0, 0.0]
Fitness read is this: 0.50352645
genome: [0.0, 1.0, 0.8785155, 1.0, 0.9340494, 0.0, 0.0, 0.0, 0.0, 0.0, 0.0, 0.0, 0.0, 0.0, 0.0, 1.0, 0.8651071, 0.0, 1.0, 0.0]
Fitness read is this: 0.51774
genome: [0.0, 1.0, 0.09262995, 1.0, 1.0, 0.0, 0.0, 0.0, 0.0, 0.0, 0.0, 0.0, 0.19186956, 0.0, 0.44572425, 1.0, 0.8651071, 0.0, 1.0, 0.0]
Fitness read is this: 0.53983736
genome: [0.0, 1.0, 0.09262995, 0.0, 0.0, 0.0, 0.0, 0.0, 0.0, 0.0, 0.0, 0.0, 0.0, 0.0, 0.0, 1.0, 1.0, 0.0, 1.0, 0.23317379]
Fitness read is this: 0.44883013
genome: [1.0, 1.0, 0.0, 1.0, 0.79558754, 0.0, 0.0, 0.0, 0.0, 0.0, 0.0, 0.0, 0.19186956, 0.0, 1.0, 1.0, 0.8651071, 0.0, 1.0, 0.0]
Fitness read is this: 0.50117993
genome: [0.0, 1.0, 0.09262995, 0.0, 0.0, 0.0, 0.0, 0.0, 0.0, 0.0, 0.0, 0.0, 0.0, 0.0, 0.0, 1.0, 1.0, 0.0, 1.0, 0.0]
Fitness read is this: 0.5217852
genome: [0.13988358, 0.38245878, 0.01729457, 0.87280285, 0.21726815, 0.0, 0.0, 0.0, 0.0, 0.0, 0.0, 0.0, 0.19186956, 0.0, 1.0, 1.0, 1.0, 0.0, 1.0, 0.0]
Fitness read is this: 0.46690887
genome: [0.0, 0.38245878, 0.09262995, 0.87280285, 0.21726815, 0.0, 0.0, 0.0, 0.0, 0.0, 0.0, 0.0, 1.0, 0.0, 1.0, 0.37691933, 1.0, 0.0, 1.0, 0.0]
Fitness read is this: 0.5032531
genome: [0.0, 1.0, 0.09262995, 0.7060547, 1.0, 0.0, 0.0, 0.0, 0.0, 0.0, 0.0, 0.0, 0.19186956, 0.0, 1.0, 1.0, 1.0, 0.0, 1.0, 0.0]
[AbstractHannsNode] <-io/inStates Received new reinforcement & state description [1.0, 0.29262996, 0.8060547]
[AbstractHannsNode] <-io/inStates Received new reinforcement & state description [0.38245878, 0.21729457, 0.9728029]
Fitness read is this: 0.44956338
genome: [0.0, 1.0, 0.0, 0.0, 0.0, 0.0, 0.0, 0.0, 0.0, 0.0, 0.0, 0.0, 0.0, 0.0, 0.0, 1.0, 0.0664937, 0.0, 1.0, 0.0]
Fitness read is this: 0.33003134
genome: [0.0, 1.0, 0.09262995, 1.0, 0.79558754, 0.0, 0.0, 0.0, 0.0, 0.0, 0.0, 0.0, 0.19186956, 0.0, 1.0, 1.0, 1.0, 0.0, 1.0, 0.0]
Fitness read is this: 0.4729218
genome: [1.0, 1.0, 0.0, 0.83998436, 0.0, 1.0, 0.0, 0.0, 0.0, 0.0, 0.0, 0.0, 0.19186956, 0.0, 1.0, 1.0, 1.0, 0.0, 1.0, 0.0]
[AbstractHannsNode] <-io/inStates Received new reinforcement & state description [1.0, 0.19262995, 1.0]
Fitness read is this: 0.44928342
genome: [1.0, 1.0, 0.023500618, 0.87280285, 0.21726815, 0.0, 0.0, 0.0, 0.0, 0.0, 0.0, 0.0, 0.0, 0.0, 0.0, 1.0, 0.8651071, 0.0, 1.0, 0.0]
Fitness read is this: 0.54411703
genome: [0.0, 1.0, 0.09262995, 0.7060547, 1.0, 0.0, 0.89172226, 0.0, 0.0, 0.0, 0.0, 0.0, 0.19186956, 0.0, 1.0, 1.0, 1.0, 0.0, 1.0, 0.0]
Fitness read is this: 0.0062062144
genome: [0.0, 1.0, 0.0, 0.7060547, 1.0, 0.0, 0.0, 0.0, 0.0, 0.0, 0.0, 0.0, 0.19186956, 0.0, 0.5372632, 0.8479393, 1.0, 0.0, 1.0, 0.12486204]
Fitness read is this: 0.520212
genome: [1.0, 0.5228211, 0.09262995, 1.0, 1.0, 0.0, 0.0, 0.0, 0.0, 0.0, 0.0, 0.0, 0.19186956, 0.0, 0.44572425, 1.0, 0.8651071, 0.0, 1.0, 0.0]
Fitness read is this: 0.060495973
genome: [1.0, 1.0, 0.0, 0.87280285, 1.0, 0.0, 0.0, 0.0, 0.0, 0.0, 0.0, 0.0, 0.19186956, 0.0, 1.0, 1.0, 1.0, 0.0, 1.0, 0.23317379]
Fitness read is this: 0.40710622
genome: [0.0, 1.0, 0.09262995, 1.0, 0.21726815, 0.0, 0.0, 0.96929914, 0.0, 0.0, 0.0, 0.0, 0.0, 0.0, 1.0, 1.0, 0.8651071, 0.0, 1.0, 0.0]
Fitness read is this: 0.51811874
genome: [1.0, 1.0, 0.0, 0.031274855, 0.21726815, 0.0, 0.0, 0.0, 0.0, 0.0, 0.0, 0.0, 0.19186956, 0.0, 1.0, 1.0, 0.8651071, 0.0, 1.0, 0.0]
Fitness read is this: 0.49770683
genome: [0.25591847, 1.0, 0.0, 0.87280285, 1.0, 0.0, 0.0, 0.0, 0.0, 0.0, 0.0, 0.0, 0.19186956, 0.0, 1.0, 1.0, 1.0, 0.0, 1.0, 0.23317379]
Fitness read is this: 0.18520099
genome: [0.13988358, 0.38245878, 0.01729457, 0.87280285, 1.0, 0.0, 0.0, 0.0, 0.0, 0.0, 0.0, 0.0, 0.19186956, 0.0, 1.0, 1.0, 1.0, 0.0, 1.0, 0.0]
Fitness read is this: 0.46221584
genome: [1.0, 1.0, 0.0, 0.87280285, 0.21726815, 0.0, 0.0, 0.0, 0.0, 0.0, 0.0, 0.0, 0.19186956, 0.0, 1.0, 1.0, 0.8651071, 0.0, 1.0, 0.0]
Fitness read is this: 0.44615024
genome: [0.0, 1.0, 0.09262995, 0.0, 0.0, 0.0, 0.4898364, 0.0, 0.0, 0.0, 0.0, 0.0, 0.0, 0.0, 0.0, 1.0, 0.8651071, 0.0, 1.0, 0.0]
Fitness read is this: 0.53753084
genome: [1.0, 1.0, 0.023500618, 0.87280285, 0.21726815, 0.0, 0.0, 0.0, 0.0, 0.0, 0.0, 0.0, 0.0, 0.0, 0.0, 1.0, 1.0, 0.0, 1.0, 0.0]
[AbstractHannsNode] <-io/inStates Received new reinforcement & state description [0.0, 0.0, 0.0]
[AbstractHannsNode] <-io/inStates Received new reinforcement & state description [0.0, 0.0, 0.0]
Fitness read is this: 0.54096395
genome: [1.0, 1.0, 0.09262995, 1.0, 0.0, 0.0, 0.0, 0.0, 0.0, 0.0, 0.0, 0.0, 0.19186956, 0.0, 1.0, 1.0, 1.0, 0.0, 1.0, 0.0]
Fitness read is this: 0.36663556
Fitness read is this: 0.35007668
Fitness read is this: 0.5543097
[AbstractEA] Generation ended here, apply operators now!
GEN: 76 best ind(0):  G: F[ok]=0.5898339748382568 [0.0, 1.0, 0.09262995, 1.0, 0.0, 0.0, 0.0, 0.0, 0.19186956, 1.0, 1.0, 1.0, 1.0, 0.0]
genome: [0.13988358, 0.0, 0.0, 0.4473094, 1.0, 0.0, 0.0, 0.0, 0.0, 0.0, 0.0, 0.0, 0.19186956, 0.0, 1.0, 1.0, 1.0, 0.0, 1.0, 0.23317379]
genome: [1.0, 1.0, 0.023500618, 0.87280285, 0.21726815, 0.0, 0.0, 0.0, 0.0, 0.0, 0.0, 0.0, 0.0, 0.0, 0.0, 1.0, 0.8651071, 0.0, 1.0, 0.0]
genome: [0.25591847, 1.0, 0.01729457, 0.87280285, 1.0, 0.0, 0.0, 0.0, 0.0, 0.0, 0.0, 0.0, 0.19186956, 0.0, 1.0, 1.0, 1.0, 0.0, 1.0, 0.0]
[AbstractHannsNode] <-io/inStates Received new reinforcement & state description [0.0, 0.4, 0.1]
Fitness read is this: 0.37900144
genome: [1.0, 1.0, 0.4395988, 0.0, 1.0, 0.0, 0.0, 0.0, 0.0, 0.0, 0.0, 0.0, 0.19186956, 0.0, 1.0, 1.0, 0.8136355, 0.0, 1.0, 0.0]
Fitness read is this: 0.017372131
genome: [1.0, 1.0, 0.4395988, 0.0, 1.0, 0.0, 0.0, 0.0, 0.0, 0.0, 0.0, 0.0, 0.19186956, 0.0, 1.0, 1.0, 1.0, 0.0, 1.0, 0.23317379]
Fitness read is this: 0.20601296
genome: [0.13988358, 0.0, 0.0, 0.4473094, 1.0, 0.0, 0.0, 0.0, 0.0, 0.0, 0.0, 0.0, 0.19186956, 0.0, 1.0, 1.0, 0.8136355, 0.0, 1.0, 0.0]
Fitness read is this: 0.4611559
genome: [0.0, 1.0, 0.09262995, 0.0, 0.0, 0.0, 0.0, 0.0, 0.0, 0.0, 0.0, 0.0, 0.0, 0.0, 0.0, 1.0, 1.0, 0.0, 1.0, 0.0]
Fitness read is this: 0.43608427
genome: [0.0, 1.0, 0.09262995, 0.0, 0.0, 0.0, 0.0, 0.0, 0.0, 0.0, 0.0, 0.0, 0.0, 0.0, 0.0, 1.0, 1.0, 0.0, 1.0, 0.23317379]
Fitness read is this: 0.017885447
genome: [1.0, 1.0, 0.023500618, 0.87280285, 1.0, 0.0, 0.0, 0.0, 0.0, 0.0, 0.0, 0.0, 0.19186956, 0.0, 1.0, 1.0, 1.0, 0.0, 1.0, 0.23317379]
[AbstractHannsNode] Responding with this message [rewards,position] [0.0, 0.4, 0.4]
------------------------------------ pos: [4, 4]
	 .	 .	 .	 .	 .	 X	 .	 .	 .	 .
	 .	 .	 .	 .	 .	 X	 .	 .	 .	 .
	 .	 .	 .	 .	 .	 .	 .	 .	 .	 .
	 .	 .	 .	 .	 .	 .	 .	 .	 .	 .
	 .	 .	 .	 .	 .	 .	 .	 .	 .	 .
	 .	 .	 .	 .	 A	 .	 .	 .	 .	 .
	 .	 .	 .	 .	 .	 .	 .	 .	 .	 .
	 .	 .	 .	 .	 .	 .	 .	 .	 .	 .
	 .	 1.0	 X	 .	 .	 .	 .	 .	 .	 .
	 .	 .	 X	 .	 .	 .	 .	 .	 .	 .

-------------------------------------
Fitness read is this: 0.4884808
genome: [1.0, 0.0, 0.4395988, 0.0, 0.21726815, 0.0, 0.0, 0.0, 0.0, 0.0, 0.0, 0.0, 0.0, 0.0, 0.0, 1.0, 0.8651071, 0.0, 1.0, 0.0]
Fitness read is this: 0.43963075
genome: [1.0, 1.0, 0.4395988, 0.0, 1.0, 0.0, 0.0, 0.0, 0.0, 0.0, 0.0, 0.0, 0.19186956, 0.0, 1.0, 1.0, 0.8651071, 0.0, 1.0, 0.0]
Fitness read is this: 0.48788083
genome: [0.0, 1.0, 0.8785155, 1.0, 0.9340494, 0.0, 0.0, 0.0, 0.0, 0.0, 0.0, 0.0, 0.19186956, 0.0, 1.0, 1.0, 1.0, 0.0, 1.0, 0.23317379]
[AbstractHannsNode] <-io/inStates Received new reinforcement & state description [0.0, 0.1, 0.3]
[AbstractHannsNode] <-io/inStates Received new reinforcement & state description [0.0, 0.0, 0.3]
Fitness read is this: 0.007952809
genome: [1.0, 0.5228211, 0.0, 0.0, 1.0, 0.0, 0.0, 0.0, 0.0, 0.0, 0.0, 0.0, 0.19186956, 0.0, 0.44572425, 1.0, 0.96321154, 0.0, 1.0, 1.0]
Fitness read is this: 0.40413308
genome: [1.0, 0.0, 0.09262995, 1.0, 1.0, 0.0, 0.0, 0.0, 0.0, 0.0, 0.0, 0.0, 0.19186956, 0.0, 1.0, 1.0, 0.8136355, 0.0, 1.0, 0.0]
Fitness read is this: 0.4097994
genome: [1.0, 0.5228211, 0.0, 0.0, 1.0, 0.0, 0.0, 0.0, 0.0, 0.0, 0.0, 0.0, 0.19186956, 0.0, 1.0, 1.0, 0.8136355, 0.0, 1.0, 0.0]
[AbstractHannsNode] <-io/inStates Received new reinforcement & state description [0.5228211, 0.2, 0.1]
[AbstractHannsNode] <-io/inStates Received new reinforcement & state description [0.0, 0.9, 0.4]
[AbstractHannsNode] <-io/inStates Received new reinforcement & state description [0.0, 0.8, 0.3]
Fitness read is this: 0.47207522
genome: [1.0, 1.0, 0.31806546, 0.0, 1.0, 0.0, 0.0, 0.0, 0.0, 0.0, 0.0, 0.0, 1.0, 0.0, 1.0, 1.0, 1.0, 0.0, 1.0, 0.0]
Fitness read is this: 0.5309379
genome: [0.0, 1.0, 0.0, 0.7060547, 1.0, 0.0, 0.0, 0.0, 0.0, 0.0, 0.0, 0.0, 0.19186956, 0.0, 0.5372632, 0.8479393, 1.0, 0.0, 1.0, 0.0]
Fitness read is this: 0.013979077
genome: [0.0, 1.0, 0.09262995, 0.0, 0.0, 0.0, 0.0, 0.0, 0.0, 0.0, 0.0, 0.0, 0.0, 0.0, 0.0, 1.0, 1.0, 0.0, 1.0, 0.12486204]
Fitness read is this: 0.4486434
genome: [1.0, 1.0, 0.4395988, 0.0, 1.0, 0.0, 0.0, 0.0, 0.0, 0.0, 0.0, 0.0, 0.19186956, 0.0, 1.0, 1.0, 0.8136355, 0.0, 1.0, 0.0]
Fitness read is this: 0.3323245
genome: [0.13988358, 0.0, 0.0, 0.0, 1.0, 0.0, 0.0, 0.0, 0.0, 0.0, 0.0, 0.0, 0.19186956, 0.0, 1.0, 1.0, 0.8651071, 0.0, 1.0, 0.0]
Fitness read is this: 0.5238184
genome: [1.0, 1.0, 0.4395988, 0.0, 1.0, 0.0, 0.0, 0.0, 0.0, 0.0, 0.0, 0.0, 0.19186956, 0.0, 0.44572425, 1.0, 0.96321154, 0.0, 1.0, 1.0]
Fitness read is this: 0.38218784
genome: [1.0, 0.5228211, 0.0, 0.0, 1.0, 0.0, 0.0, 0.0, 0.0, 0.0, 0.0, 0.0, 1.0, 0.0, 1.0, 1.0, 0.8136355, 0.0, 1.0, 0.0]
Fitness read is this: 0.03467101
genome: [1.0, 0.5228211, 0.0, 0.87280285, 1.0, 0.0, 0.0, 0.0, 0.0, 0.0, 0.0, 0.0, 0.19186956, 0.0, 1.0, 1.0, 1.0, 0.0, 1.0, 0.23317379]
Fitness read is this: 0.5331711
genome: [0.25591847, 1.0, 0.09262995, 1.0, 1.0, 0.0, 0.0, 0.0, 0.0, 0.0, 0.0, 0.0, 0.19186956, 0.0, 0.44572425, 1.0, 0.8651071, 0.0, 1.0, 0.0]
Fitness read is this: 0.42317182
genome: [1.0, 1.0, 0.0, 0.87280285, 0.21726815, 0.0, 0.0, 0.0, 0.0, 0.0, 0.0, 0.0, 0.19186956, 0.0, 1.0, 1.0, 0.8651071, 0.0, 1.0, 0.23317379]
Fitness read is this: 0.53281784
genome: [0.0, 1.0, 0.8785155, 1.0, 0.9340494, 0.0, 0.0, 0.0, 0.0, 0.0, 0.0, 0.0, 0.19186956, 0.0, 1.0, 1.0, 1.0, 0.0, 1.0, 0.0]
Fitness read is this: 0.4864009
genome: [0.487459, 1.0, 0.09262995, 0.87280285, 1.0, 0.0, 0.0, 0.0, 0.0, 0.0, 0.0, 0.0, 0.19186956, 0.0, 1.0, 1.0, 1.0, 0.0, 1.0, 0.23317379]
[AbstractHannsNode] <-io/inStates Received new reinforcement & state description [0.0, 0.0, 0.0]
[AbstractHannsNode] <-io/inStates Received new reinforcement & state description [0.0, 0.0, 0.0]
Fitness read is this: 0.5056463
genome: [1.0, 1.0, 0.0, 1.0, 0.79558754, 0.0, 0.0, 0.0, 0.0, 0.0, 0.0, 0.0, 0.19186956, 0.0, 1.0, 1.0, 1.0, 0.0, 1.0, 0.0]
Fitness read is this: 0.5395974
genome: [0.0, 1.0, 0.09262995, 0.0, 0.0, 0.0, 0.0, 1.0, 0.0, 0.0, 0.0, 0.0, 0.19186956, 0.0, 1.0, 1.0, 1.0, 0.0, 1.0, 0.23317379]
Fitness read is this: 0.5288381
genome: [1.0, 1.0, 0.0, 0.87280285, 1.0, 0.0, 0.0, 0.0, 0.0, 0.0, 0.0, 0.0, 0.0, 0.0, 0.0, 0.36501348, 1.0, 0.0, 1.0, 0.0]
[AbstractHannsNode] <-io/inStates Received new reinforcement & state description [0.0, 0.2, 0.0]
[AbstractHannsNode] <-io/inStates Received new reinforcement & state description [0.0, 0.2, 0.036501348]
[AbstractHannsNode] <-io/inStates Received new reinforcement & state description [0.0, 0.2, 1.0441622]
[AbstractHannsNode] <-io/inStates Received new reinforcement & state description [0.0, 0.3, 1.1441622]
Fitness read is this: 0.55109656
genome: [0.13988358, 0.38245878, 0.01729457, 0.87280285, 1.0, 0.0, 0.0, 0.0, 0.0, 0.0, 0.0, 0.0, 0.19186956, 0.0, 1.0, 1.0, 0.8651071, 0.0, 1.0, 0.0]
Fitness read is this: 0.21159256
genome: [1.0, 1.0, 0.023500618, 0.87280285, 0.21726815, 0.0, 0.0, 0.0, 0.0, 0.0, 0.0, 0.0, 0.0, 0.0, 0.0, 1.0, 1.0, 0.0, 1.0, 0.0]
Fitness read is this: 0.3619092
genome: [1.0, 1.0, 0.0, 0.87280285, 1.0, 0.0, 0.0, 0.0, 0.0, 0.0, 0.0, 0.0, 0.19186956, 0.0, 1.0, 1.0, 1.0, 0.0, 1.0, 0.23317379]
Fitness read is this: 0.52289176
genome: [1.0, 1.0, 0.023500618, 0.87280285, 1.0, 0.0, 0.0, 0.0, 0.0, 0.0, 0.0, 0.0, 0.19186956, 0.0, 1.0, 1.0, 1.0, 0.0, 1.0, 0.23317379]
Fitness read is this: 0.54449034
genome: [0.25591847, 1.0, 0.01729457, 0.87280285, 1.0, 0.0, 0.0, 0.0, 0.0, 0.0, 0.0, 0.0, 0.19186956, 0.0, 0.44572425, 1.0, 0.96321154, 0.0, 1.0, 1.0]
Fitness read is this: 0.5269716
genome: [1.0, 1.0, 0.4395988, 0.0, 1.0, 0.0, 0.0, 0.0, 0.0, 0.0, 0.0, 0.0, 0.19186956, 0.0, 1.0, 1.0, 1.0, 0.0, 1.0, 0.0]
Fitness read is this: 0.50849277
genome: [1.0, 1.0, 0.023500618, 0.87280285, 0.21726815, 0.0, 0.0, 0.0, 0.0, 0.0, 0.0, 0.0, 0.0, 0.0, 0.0, 1.0, 1.0, 0.0, 1.0, 0.0]
Fitness read is this: 0.5537631
genome: [1.0, 1.0, 0.023500618, 0.87280285, 0.21726815, 0.0, 0.0, 0.0, 0.0, 0.0, 0.0, 0.0, 0.0, 0.0, 0.0, 1.0, 1.0, 0.0, 1.0, 0.0]
Fitness read is this: 0.5078328
genome: [1.0, 0.0, 0.09262995, 1.0, 1.0, 0.0, 0.0, 0.0, 0.0, 0.0, 0.0, 0.0, 0.19186956, 0.0, 1.0, 1.0, 0.8136355, 0.0, 1.0, 1.0]
[AbstractHannsNode] <-io/inStates Received new reinforcement & state description [0.0, 0.2, 0.0]
Fitness read is this: 0.40519297
genome: [1.0, 0.5228211, 0.0, 0.0, 1.0, 0.0, 0.0, 0.0, 0.0, 0.0, 0.0, 0.0, 0.19186956, 0.0, 0.44572425, 1.0, 0.96321154, 0.0, 1.0, 0.0]
Fitness read is this: 0.3619892
genome: [0.0, 1.0, 0.09262995, 0.87280285, 1.0, 0.0, 0.0, 0.0, 0.0, 0.0, 0.0, 0.0, 0.19186956, 0.0, 1.0, 1.0, 1.0, 0.0, 1.0, 0.23317379]
Fitness read is this: 0.017632186
genome: [1.0, 1.0, 0.023500618, 0.0, 0.0, 0.0, 0.0, 0.0, 0.0, 0.0, 0.0, 0.0, 0.0, 0.0, 0.0, 0.0, 1.0, 0.0, 1.0, 0.0]
Fitness read is this: 0.54231715
genome: [0.0, 1.0, 0.8785155, 0.87280285, 1.0, 0.0, 0.0, 0.0, 0.0, 0.0, 0.0, 0.0, 0.19186956, 0.0, 1.0, 1.0, 1.0, 0.0, 1.0, 0.23317379]
Fitness read is this: 0.5317912
genome: [1.0, 1.0, 0.023500618, 1.0, 0.9340494, 0.0, 0.0, 0.0, 0.0, 0.0, 0.0, 0.0, 0.19186956, 0.0, 1.0, 1.0, 1.0, 0.0, 1.0, 0.23317379]
Fitness read is this: 0.07736814
genome: [1.0, 1.0, 0.0, 0.87280285, 0.21726815, 0.0, 0.0, 0.0, 0.0, 0.0, 0.0, 0.0, 0.19186956, 0.0, 1.0, 1.0, 1.0, 0.0, 1.0, 0.66298616]
[AbstractHannsNode] <-io/inStates Received new reinforcement & state description [0.0, 0.4, 0.16995214]
[AbstractHannsNode] <-io/inStates Received new reinforcement & state description [0.0, 0.5, 0.19326952]
[AbstractHannsNode] <-io/inStates Received new reinforcement & state description [0.0, 0.3, 0.19889586]
[AbstractHannsNode] <-io/inStates Received new reinforcement & state description [0.0, 0.2, 0.13259724]
Fitness read is this: 0.48890072
genome: [0.0, 1.0, 0.09262995, 0.87280285, 1.0, 0.0, 0.0, 0.0, 0.0, 0.0, 0.0, 0.0, 0.19186956, 0.0, 1.0, 1.0, 1.0, 0.0, 1.0, 0.0]
Fitness read is this: 0.48816746
genome: [0.0, 1.0, 0.09262995, 0.0, 0.0, 0.0, 0.0, 0.0, 0.0, 0.0, 0.0, 0.0, 0.0, 0.0, 1.0, 1.0, 1.0, 0.0, 1.0, 0.23317379]
Fitness read is this: 0.4326378
genome: [1.0, 1.0, 0.23663443, 0.87280285, 1.0, 0.0, 0.0, 1.0, 0.0, 0.0, 0.0, 0.0, 0.19186956, 0.0, 1.0, 1.0, 1.0, 0.0, 1.0, 0.23317379]
Fitness read is this: 0.53921735
genome: [1.0, 1.0, 0.31806546, 0.0, 1.0, 0.0, 0.0, 0.0, 0.0, 0.0, 0.0, 0.0, 1.0, 0.0, 1.0, 1.0, 1.0, 0.0, 1.0, 0.0]
Fitness read is this: 0.5485368
Fitness read is this: 0.14223719
Fitness read is this: 0.46022266
[AbstractEA] Generation ended here, apply operators now!
GEN: 77 best ind(0):  G: F[ok]=0.5898339748382568 [0.0, 1.0, 0.09262995, 1.0, 0.0, 0.0, 0.0, 0.0, 0.19186956, 1.0, 1.0, 1.0, 1.0, 0.0]
genome: [1.0, 0.5228211, 0.0, 0.0, 1.0, 0.0, 0.0, 0.0, 0.0, 0.0, 0.0, 0.0, 1.0, 0.0, 1.0, 1.0, 1.0, 0.0, 1.0, 0.23317379]
genome: [0.0, 1.0, 0.09262995, 1.0, 0.0, 0.0, 0.0, 0.0, 0.0, 0.0, 0.0, 0.0, 0.19186956, 0.0, 1.0, 0.7998341, 1.0, 0.0, 1.0, 0.0]
genome: [0.0, 1.0, 0.8785155, 1.0, 0.9340494, 0.0, 0.0, 0.0, 0.0, 0.0, 0.0, 0.0, 0.19186956, 0.0, 1.0, 1.0, 0.8136355, 0.0, 1.0, 0.0]
[AbstractHannsNode] <-io/inStates Received new reinforcement & state description [0.0, 1.0, 0.69326955]
[AbstractHannsNode] <-io/inStates Received new reinforcement & state description [0.0, 1.1, 0.7932695]
Fitness read is this: 0.5008266
genome: [0.0, 1.0, 0.8785155, 0.6006354, 1.0, 0.0, 0.0, 0.0, 0.0, 0.0, 0.0, 0.0, 0.19186956, 0.0, 1.0, 1.0, 1.0, 0.0, 1.0, 0.23317379]
Fitness read is this: 0.5154323
genome: [1.0, 1.0, 0.4395988, 0.0, 1.0, 0.0, 0.0, 0.0, 0.0, 0.0, 0.0, 0.0, 0.0, 0.0, 1.0, 1.0, 1.0, 0.0, 1.0, 0.23317379]
Fitness read is this: 0.3603027
genome: [1.0, 1.0, 0.4395988, 0.0, 1.0, 0.0, 0.0, 0.0, 0.0, 0.0, 0.0, 0.0, 0.19186956, 0.0, 0.44572425, 0.9203647, 0.96321154, 0.0, 1.0, 1.0]
Fitness read is this: 0.29489368
genome: [0.0, 1.0, 0.023500618, 0.87280285, 0.21726815, 0.0, 0.0, 0.0, 0.0, 0.0, 0.0, 0.0, 0.0, 0.0, 0.0, 1.0, 1.0, 0.0, 1.0, 0.0]
Fitness read is this: 0.4561363
genome: [1.0, 1.0, 0.09262995, 0.87280285, 1.0, 0.0, 0.0, 0.0, 0.0, 0.0, 0.0, 0.0, 0.19186956, 0.0, 1.0, 1.0, 1.0, 0.0, 1.0, 0.0]
Fitness read is this: 0.36168253
genome: [1.0, 1.0, 0.023500618, 1.0, 0.9340494, 0.0, 0.0, 0.0, 0.0, 0.0, 0.0, 0.0, 0.19186956, 0.0, 1.0, 1.0, 1.0, 0.0, 1.0, 0.23317379]
[AbstractHannsNode] <-io/inStates Received new reinforcement & state description [0.0, 0.2, 0.0]
[AbstractHannsNode] <-io/inStates Received new reinforcement & state description [0.0, 0.3, 0.1]
Fitness read is this: 0.46975535
genome: [1.0, 1.0, 0.023500618, 1.0, 0.9340494, 0.0, 0.0, 0.0, 0.0, 0.0, 0.0, 0.0, 0.19186956, 0.0, 1.0, 1.0, 1.0, 0.0, 1.0, 0.23317379]
Fitness read is this: 0.5318979
genome: [1.0, 1.0, 0.023500618, 0.87280285, 0.21726815, 0.0, 0.0, 0.89210635, 0.0, 0.0, 0.0, 0.0, 0.0, 0.0, 0.0, 1.0, 1.0, 0.0, 1.0, 0.0]
Fitness read is this: 0.49882674
genome: [1.0, 1.0, 0.023500618, 0.87280285, 0.21726815, 0.0, 0.0, 0.0, 0.0, 0.0, 0.0, 0.0, 0.0, 0.0, 0.0, 1.0, 1.0, 0.0, 1.0, 0.0]
[AbstractHannsNode] <-io/inStates Received new reinforcement & state description [0.0, 0.2, 0.1]
Fitness read is this: 0.4706686
genome: [0.55470026, 1.0, 0.0, 0.0, 1.0, 0.0, 0.0, 0.0, 0.0, 0.0, 0.0, 0.0, 0.19186956, 0.0, 0.44572425, 1.0, 0.96321154, 0.0, 1.0, 1.0]
Fitness read is this: 0.04211718
genome: [1.0, 0.5228211, 0.8785155, 0.24810527, 1.0, 0.0, 0.0, 0.0, 0.0, 0.0, 0.0, 0.0, 0.19186956, 0.0, 1.0, 1.0, 1.0, 0.0, 1.0, 0.23317379]
Fitness read is this: 0.5487634
genome: [1.0, 1.0, 0.0, 0.87280285, 1.0, 0.0, 0.0, 0.0, 0.0, 0.0, 0.0, 0.0, 0.19186956, 0.0, 1.0, 1.0, 1.0, 0.0, 1.0, 0.23317379]
[AbstractHannsNode] <-io/inStates Received new reinforcement & state description [0.0, 0.24457243, 0.3]
Fitness read is this: 0.4529165
genome: [1.0, 1.0, 0.0, 0.87280285, 1.0, 0.0, 0.0, 0.0, 0.0, 0.0, 0.0, 0.0, 0.19186956, 0.0, 1.0, 1.0, 1.0, 0.0, 0.1564661, 0.23317379]
Fitness read is this: 0.55184317
genome: [1.0, 1.0, 0.4395988, 0.0, 0.9340494, 0.0, 0.0, 0.0, 0.0, 0.0, 0.0, 0.0, 0.19186956, 0.0, 1.0, 1.0, 1.0, 0.0, 1.0, 0.23317379]
Fitness read is this: 0.5540364
genome: [1.0, 1.0, 0.023500618, 1.0, 1.0, 1.0, 0.0, 1.0, 0.0, 0.0, 0.0, 0.0, 0.38133612, 0.0, 0.44572425, 1.0, 0.96321154, 0.0, 1.0, 1.0]
Fitness read is this: 0.13625759
genome: [0.25591847, 1.0, 0.01729457, 0.87280285, 0.21726815, 0.0, 0.0, 0.0, 0.0, 0.0, 0.0, 0.0, 0.0, 0.0, 0.0, 1.0, 1.0, 0.0, 1.0, 0.5142515]
Fitness read is this: 0.49088728
genome: [1.0, 1.0, 1.0, 0.87280285, 1.0, 0.0, 0.0, 0.0, 0.0, 0.0, 0.0, 0.0, 0.19186956, 0.0, 0.44572425, 1.0, 0.96321154, 0.0, 1.0, 1.0]
Fitness read is this: 0.0038730502
genome: [0.0, 1.0, 0.09262995, 1.0, 0.0, 0.0, 0.0, 0.0, 0.0, 0.0, 0.0, 0.0, 0.19186956, 0.0, 1.0, 1.0, 1.0, 0.0, 1.0, 0.0]
Fitness read is this: 0.36728215
genome: [0.487459, 1.0, 0.09262995, 0.87280285, 1.0, 0.0, 0.0, 0.53923565, 0.0, 0.0, 0.0, 0.0, 0.19186956, 0.0, 1.0, 1.0, 1.0, 0.0, 1.0, 1.0]
Fitness read is this: 0.35482967
genome: [0.55470026, 1.0, 0.0, 0.0, 1.0, 0.0, 0.0, 0.0, 0.0, 0.0, 0.0, 0.0, 0.0, 0.0, 0.44572425, 1.0, 0.96321154, 0.0, 1.0, 0.23317379]
Fitness read is this: 0.52262515
genome: [0.0, 1.0, 0.0, 0.87280285, 1.0, 0.0, 0.0, 0.0, 0.0, 0.0, 0.0, 0.0, 0.0, 0.0, 0.0, 0.36501348, 1.0, 0.0, 0.0, 0.0]
[AbstractHannsNode] <-io/inStates Received new reinforcement & state description [0.0, 0.28914484, 0.24663477]
Fitness read is this: 0.16223586
genome: [1.0, 1.0, 0.8785155, 0.87280285, 1.0, 0.0, 0.0, 0.0, 0.0, 0.0, 0.0, 0.0, 0.19186956, 0.0, 1.0, 1.0, 1.0, 0.0, 1.0, 0.23317379]
Fitness read is this: 0.49087393
genome: [1.0, 1.0, 0.0, 0.87280285, 1.0, 0.0, 0.0, 0.0, 0.0, 0.0, 0.0, 0.0, 0.19186956, 0.0, 1.0, 1.0, 1.0, 0.0, 1.0, 0.23317379]
Fitness read is this: 0.007832825
genome: [0.13988358, 0.38245878, 0.01729457, 0.87280285, 1.0, 0.0, 0.0, 0.0, 0.0, 0.0, 0.0, 0.0, 0.19186956, 0.0, 1.0, 1.0, 0.8651071, 0.0, 1.0, 0.0]
[AbstractHannsNode] <-io/inStates Received new reinforcement & state description [0.0, 0.0, 0.0]
Fitness read is this: 0.53853744
genome: [1.0, 1.0, 0.09262995, 0.87280285, 1.0, 0.0, 0.0, 0.0, 0.0, 0.0, 0.0, 0.0, 0.19186956, 0.0, 0.2607879, 1.0, 0.0, 0.0, 1.0, 0.23317379]
Fitness read is this: 0.48250115
genome: [0.0, 1.0, 0.023500618, 0.87280285, 0.21726815, 0.0, 0.0, 0.89210635, 0.0, 0.0, 0.0, 0.0, 0.0, 0.0, 0.0, 1.0, 0.0, 0.0, 1.0, 0.0]
Fitness read is this: 0.55015665
genome: [0.13988358, 0.38245878, 0.01729457, 0.87280285, 1.0, 0.0, 0.0, 0.0, 0.0, 0.0, 0.0, 0.0, 0.19186956, 0.0, 1.0, 1.0, 1.0, 0.0, 1.0, 0.0]
[AbstractHannsNode] <-io/inStates Received new reinforcement & state description [0.0, 0.1, 0.02331738]
[AbstractHannsNode] <-io/inStates Received new reinforcement & state description [0.0, 0.12607878, 0.12331738]
Fitness read is this: 0.096186936
genome: [0.0, 1.0, 0.0, 1.0, 0.0, 0.0, 0.0, 0.0, 0.0, 0.0, 0.0, 0.0, 0.19186956, 0.0, 1.0, 1.0, 0.8651071, 0.0, 1.0, 0.0]
Fitness read is this: 0.46940202
genome: [1.0, 1.0, 0.01729457, 0.87280285, 0.21726815, 0.0, 0.0, 0.0, 0.0, 0.0, 0.0, 0.0, 0.0, 0.0, 0.0, 1.0, 1.0, 0.0, 1.0, 1.0]
Fitness read is this: 0.44011062
genome: [0.25591847, 1.0, 0.0, 0.87280285, 1.0, 0.0, 0.0, 0.0, 0.0, 0.0, 0.0, 0.0, 0.19186956, 0.0, 1.0, 1.0, 1.0, 0.0, 1.0, 0.23317379]
Fitness read is this: 0.5373575
genome: [1.0, 1.0, 0.023500618, 0.87280285, 0.21726815, 0.0, 0.0, 0.0, 0.0, 0.0, 0.0, 0.0, 0.0, 0.0, 0.0, 1.0, 1.0, 0.0, 1.0, 1.0]
Fitness read is this: 0.424945
genome: [1.0, 1.0, 0.01729457, 0.87280285, 0.21726815, 0.0, 0.0, 1.0, 0.0, 0.0, 0.0, 0.0, 0.0, 0.0, 0.0, 1.0, 1.0, 0.0, 1.0, 0.0]
Fitness read is this: 0.50210655
genome: [1.0, 0.38245878, 0.01729457, 0.87280285, 1.0, 0.0, 0.0, 0.0, 0.0, 0.0, 0.0, 0.0, 0.19186956, 0.0, 1.0, 1.0, 1.0, 0.0, 1.0, 0.0]
Fitness read is this: 0.38322777
genome: [0.13988358, 0.68688, 0.023500618, 1.0, 0.9340494, 0.64936686, 0.0, 0.0, 0.0, 0.0, 0.0, 0.0, 0.19186956, 0.0, 1.0, 1.0, 1.0, 0.0, 1.0, 0.23317379]
Fitness read is this: 0.030284643
genome: [1.0, 1.0, 0.4395988, 0.0, 1.0, 0.0, 0.0, 0.0, 0.0, 0.0, 0.0, 0.0, 0.0, 0.0, 1.0, 1.0, 1.0, 0.0, 1.0, 0.23317379]
Fitness read is this: 0.53730416
genome: [1.0, 1.0, 0.01729457, 0.87280285, 0.21726815, 0.0, 0.0, 0.0, 0.0, 0.0, 0.0, 0.0, 0.0, 0.0, 0.0, 1.0, 1.0, 0.0, 1.0, 0.5142515]
[AbstractHannsNode] <-io/inStates Received new reinforcement & state description [0.6477612, 0.90000004, 0.28653905]
[AbstractHannsNode] <-io/inStates Received new reinforcement & state description [0.6477612, 1.0, 0.38653904]
[AbstractHannsNode] <-io/inStates Received new reinforcement & state description [0.0, 0.0, 0.1]
[AbstractHannsNode] <-io/inStates Received new reinforcement & state description [0.0, 0.0, 0.0]
Fitness read is this: 0.016085565
genome: [1.0, 1.0, 0.0, 0.87280285, 1.0, 0.0, 0.0, 0.0, 0.0, 0.0, 0.0, 0.0, 0.0, 0.0, 0.44572425, 1.0, 0.96321154, 0.0, 1.0, 0.23317379]
Fitness read is this: 0.46452904
genome: [0.55470026, 1.0, 0.0, 0.0, 1.0, 0.0, 0.0, 0.0, 0.0, 0.0, 0.0, 0.0, 0.19186956, 0.0, 1.0, 1.0, 1.0, 0.0, 1.0, 0.23317379]
Fitness read is this: 0.5500634
genome: [1.0, 1.0, 0.01729457, 0.87280285, 0.21726815, 0.0, 0.0, 0.0, 0.0, 0.0, 0.0, 0.0, 0.0, 0.0, 0.0, 0.0, 1.0, 0.0, 1.0, 0.23317379]
Fitness read is this: 0.5200653
genome: [0.0, 1.0, 0.8785155, 0.6006354, 1.0, 0.5452448, 0.0, 0.0, 0.0, 0.0, 0.0, 0.0, 0.19186956, 0.0, 1.0, 1.0, 1.0, 0.0, 1.0, 0.5142515]
Fitness read is this: 0.510906
genome: [0.13988358, 0.68688, 0.023500618, 1.0, 0.9340494, 0.64936686, 0.0, 0.0, 0.0, 0.0, 0.0, 0.0, 0.19186956, 0.0, 1.0, 1.0, 1.0, 0.0, 1.0, 0.23317379]
Fitness read is this: 0.048176825
genome: [1.0, 1.0, 0.0, 0.87280285, 1.0, 0.0, 0.0, 0.0, 0.0, 0.0, 0.0, 0.0, 0.0, 0.0, 0.44572425, 1.0, 0.96321154, 0.0, 1.0, 0.23317379]
[AbstractHannsNode] <-io/inStates Received new reinforcement & state description [0.6477612, 0.3, 0.3]
[AbstractHannsNode] <-io/inStates Received new reinforcement & state description [0.6477612, 0.3, 0.3]
Fitness read is this: 0.012466669
genome: [1.0, 1.0, 0.09262995, 0.87280285, 1.0, 0.0, 0.0, 0.0, 0.0, 0.0, 0.0, 0.0, 0.19186956, 0.0, 0.2607879, 0.81450087, 0.0, 0.0, 1.0, 0.23317379]
Fitness read is this: 0.009079397
genome: [1.0, 1.0, 0.023500618, 0.87280285, 0.21726815, 0.0, 0.0, 0.89210635, 0.0, 0.0, 0.0, 0.0, 0.0, 0.0, 0.0, 1.0, 1.0, 0.0, 1.0, 0.0]
Fitness read is this: 0.47036862
genome: [1.0, 1.0, 0.8785155, 0.6006354, 1.0, 1.0, 0.0, 1.0, 0.0, 0.0, 0.0, 0.0, 0.38133612, 0.0, 0.44572425, 1.0, 0.96321154, 0.0, 1.0, 1.0]
Fitness read is this: 0.5075128
Fitness read is this: 0.13546425
Fitness read is this: 0.019652009
[AbstractEA] Generation ended here, apply operators now!
GEN: 78 best ind(0):  G: F[ok]=0.5898339748382568 [0.0, 1.0, 0.09262995, 1.0, 0.0, 0.0, 0.0, 0.0, 0.19186956, 1.0, 1.0, 1.0, 1.0, 0.0]
genome: [0.0, 0.63403744, 0.09262995, 1.0, 0.9340494, 0.0, 0.0, 0.0, 0.0, 0.0, 0.0, 0.0, 0.19186956, 0.0, 1.0, 1.0, 1.0, 0.0, 1.0, 0.23317379]
genome: [1.0, 1.0, 0.023500618, 1.0, 0.0, 0.0, 0.0, 0.0, 0.0, 0.0, 0.0, 0.0, 0.19186956, 0.0, 1.0, 0.7998341, 1.0, 0.0, 1.0, 0.0]
genome: [1.0, 1.0, 0.09262995, 0.87280285, 1.0, 1.0, 0.0, 0.0, 0.0, 0.0, 0.0, 0.0, 0.19186956, 0.0, 1.0, 1.0, 1.0, 0.0, 1.0, 0.23317379]
Fitness read is this: 0.3989001
genome: [0.36011055, 1.0, 0.023500618, 1.0, 0.9340494, 0.0, 0.0, 0.0, 0.0, 0.0, 0.0, 0.0, 0.19186956, 0.0, 1.0, 1.0, 1.0, 0.0, 1.0, 0.0]
Fitness read is this: 0.46762884
genome: [0.13988358, 0.38245878, 0.01729457, 0.87280285, 1.0, 0.6048013, 0.0, 0.0, 0.0, 0.0, 0.0, 0.0, 0.19186956, 0.0, 1.0, 1.0, 1.0, 0.0, 1.0, 0.23317379]
Fitness read is this: 0.029564679
genome: [1.0, 1.0, 0.4395988, 0.0, 1.0, 0.0, 0.0, 0.0, 0.0, 0.0, 0.0, 0.0, 0.0, 0.0, 1.0, 1.0, 1.0, 0.0, 1.0, 0.0]
[AbstractHannsNode] <-io/inStates Received new reinforcement & state description [0.0, 0.4, 0.2]
Fitness read is this: 0.5142257
genome: [1.0, 1.0, 0.01729457, 0.0, 1.0, 0.0, 0.0, 0.0, 0.0, 0.0, 0.0, 0.0, 0.0, 0.0, 0.44572425, 1.0, 0.96321154, 0.0, 1.0, 0.23317379]
Fitness read is this: 0.025098324
genome: [0.55470026, 1.0, 0.0, 0.87280285, 0.21726815, 0.0, 0.0, 0.0, 0.0, 0.0, 0.0, 0.0, 0.0, 0.0, 0.0, 1.0, 0.593108, 0.0, 1.0, 1.0]
Fitness read is this: 0.47426838
genome: [1.0, 1.0, 1.0, 0.87280285, 1.0, 0.0, 0.0, 0.0, 0.0, 0.0, 0.0, 0.0, 0.19186956, 0.0, 0.2607879, 1.0, 0.0, 0.0, 1.0, 0.23317379]
[AbstractHannsNode] <-io/inStates Received new reinforcement & state description [1.0, 0.1, 1.0728029]
Fitness read is this: 0.490134
genome: [1.0, 1.0, 0.09262995, 0.87280285, 1.0, 0.0, 0.0, 0.0, 0.0, 0.0, 0.0, 0.0, 0.19186956, 0.0, 0.44572425, 1.0, 0.96321154, 0.0, 1.0, 1.0]
Fitness read is this: 0.49696666
genome: [0.0, 1.0, 0.0, 1.0, 0.0, 0.044644672, 0.1198537, 0.0, 0.0, 0.0, 0.0, 0.0, 0.19186956, 0.0, 0.0, 1.0, 1.0, 0.0, 1.0, 0.0]
Fitness read is this: 0.4585694
genome: [1.0, 1.0, 0.023500618, 0.87280285, 0.21726815, 0.0, 0.0, 0.0, 0.0, 0.0, 0.0, 0.0, 0.0, 0.0, 1.0, 1.0, 0.8651071, 0.0, 1.0, 0.0]
[AbstractHannsNode] <-io/inStates Received new reinforcement & state description [0.04453428, 0.6195573, 0.7]
Fitness read is this: 0.13017136
genome: [1.0, 1.0, 0.4395988, 0.0, 0.9340494, 0.0, 0.0, 0.0, 0.0, 0.0, 0.0, 0.0, 0.19186956, 0.0, 1.0, 0.0, 1.0, 0.0, 1.0, 1.0]
Fitness read is this: 0.4656623
genome: [1.0, 1.0, 1.0, 0.87280285, 1.0, 0.0, 0.0, 1.0, 0.0, 0.0, 0.0, 0.0, 0.19186956, 0.0, 0.44572425, 1.0, 0.96321154, 0.0, 1.0, 0.23317379]
Fitness read is this: 0.46817547
genome: [1.0, 1.0, 0.09262995, 0.87280285, 1.0, 0.0, 0.0, 0.0, 0.0, 0.0, 0.0, 0.0, 0.19186956, 0.0, 0.2607879, 0.81450087, 1.0, 0.0, 1.0, 0.0]
Fitness read is this: 0.07832146
genome: [1.0, 0.38245878, 0.01729457, 0.87280285, 1.0, 0.0, 0.0, 0.0, 0.0, 0.0, 0.0, 0.0, 0.19186956, 0.0, 1.0, 1.0, 0.0, 0.0, 1.0, 0.23317379]
Fitness read is this: 0.49064732
genome: [0.0, 1.0, 0.09262995, 1.0, 0.0, 0.0, 0.0, 0.97205514, 0.0, 0.0, 0.0, 0.0, 0.19186956, 0.0, 1.0, 1.0, 1.0, 0.0, 1.0, 0.23317379]
Fitness read is this: 0.45912272
genome: [0.13988358, 0.38245878, 0.01729457, 0.87280285, 1.0, 0.6048013, 0.0, 0.0, 0.0, 0.0, 0.0, 0.0, 1.0, 0.0, 1.0, 1.0, 1.0, 0.0, 1.0, 0.0]
Fitness read is this: 0.17500168
genome: [1.0, 1.0, 0.023500618, 1.0, 0.0, 0.0, 0.0, 0.0, 0.0, 0.0, 0.0, 0.0, 0.0, 0.0, 1.0, 1.0, 1.0, 0.0, 1.0, 0.23317379]
Fitness read is this: 0.5206853
genome: [0.487459, 1.0, 0.09262995, 0.87280285, 1.0, 0.0, 0.0, 0.0, 0.0, 0.0, 0.0, 0.0, 0.0, 0.0, 1.0, 0.7998341, 1.0, 0.0, 1.0, 0.0]
Fitness read is this: 0.0044264197
genome: [0.0, 0.63403744, 0.09262995, 1.0, 0.9340494, 0.0, 0.0, 0.0, 0.0, 0.0, 0.0, 0.0, 0.19186956, 0.0, 0.0, 0.9071949, 1.0, 0.0, 0.16455628, 0.0]
[AbstractHannsNode] <-io/inStates Received new reinforcement & state description [0.0, 0.14810064, 0.18143898]
[AbstractHannsNode] <-io/inStates Received new reinforcement & state description [0.0, 0.14810064, 0.09071949]
Fitness read is this: 0.5057396
genome: [1.0, 1.0, 0.023500618, 0.87280285, 0.21726815, 0.0, 0.0, 0.89210635, 0.0, 0.0, 0.0, 0.0, 0.0, 0.0, 1.0, 1.0, 1.0, 0.0, 1.0, 0.23317379]
Fitness read is this: 0.36407572
genome: [1.0, 1.0, 0.01729457, 0.87280285, 0.21726815, 0.0, 0.0, 0.0, 0.0, 0.0, 0.0, 0.0, 0.0, 0.0, 0.0, 1.0, 1.0, 0.0, 0.0, 0.0]
Fitness read is this: 0.024291754
genome: [0.87026465, 1.0, 0.4395988, 0.0, 0.0, 0.0, 0.0, 0.0, 0.0, 0.0, 0.0, 0.0, 0.0, 0.0, 1.0, 1.0, 1.0, 0.0, 1.0, 0.45635298]
[AbstractHannsNode] <-io/inStates Received new reinforcement & state description [0.0, 0.0, 0.3]
[AbstractHannsNode] <-io/inStates Received new reinforcement & state description [0.0, 0.0, 0.2]
Fitness read is this: 0.19497365
genome: [0.0, 1.0, 0.09262995, 1.0, 0.0, 0.0, 0.0, 0.0, 0.0, 0.0, 0.0, 0.0, 0.19186956, 0.0, 1.0, 1.0, 1.0, 0.0, 1.0, 0.0]
Fitness read is this: 0.033044457
genome: [0.0, 1.0, 0.0, 1.0, 0.0, 0.0, 0.0, 0.0, 0.0, 0.0, 0.0, 0.0, 0.19186956, 0.0, 1.0, 1.0, 0.68654555, 0.0, 1.0, 0.0]
Fitness read is this: 0.46850002
genome: [0.55470026, 1.0, 0.0, 0.87280285, 0.21726815, 0.0, 0.0, 0.0, 0.0, 0.0, 0.0, 0.0, 0.0, 0.0, 0.44572425, 1.0, 0.96321154, 0.0, 1.0, 1.0]
[AbstractHannsNode] <-io/inStates Received new reinforcement & state description [1.0, 0.29262996, 1.1]
Fitness read is this: 0.44729686
genome: [1.0, 1.0, 0.0, 0.87280285, 1.0, 0.0, 0.0, 0.0, 0.0, 0.0, 0.0, 0.0, 0.0, 0.0, 0.0, 1.0, 0.593108, 0.0, 1.0, 1.0]
Fitness read is this: 0.3807013
genome: [1.0, 1.0, 1.0, 0.87280285, 1.0, 0.0, 0.0, 0.0, 0.0, 0.0, 0.0, 0.0, 0.19186956, 0.0, 0.0, 0.9071949, 1.0, 0.0, 0.16455628, 0.0]
Fitness read is this: 0.48406774
genome: [0.0, 0.63403744, 0.09262995, 1.0, 0.9340494, 0.0, 0.0, 1.0, 0.0, 0.0, 0.0, 0.0, 1.0, 0.0, 0.44572425, 1.0, 0.96321154, 0.0, 1.0, 0.23317379]
Fitness read is this: 0.5218785
genome: [1.0, 1.0, 0.01729457, 0.87280285, 0.21726815, 0.0, 0.0, 0.0, 0.0, 0.0, 0.0, 0.0, 0.0, 0.0, 0.0, 1.0, 1.0, 0.0, 1.0, 0.0]
Fitness read is this: 0.032664478
genome: [1.0, 1.0, 0.09262995, 0.87280285, 1.0, 0.0, 0.0, 0.0, 0.0, 0.0, 0.0, 0.0, 0.19186956, 0.0, 0.2607879, 0.81450087, 0.48493913, 0.0, 1.0, 1.0]
Fitness read is this: 0.10304648
genome: [0.0, 1.0, 0.09262995, 1.0, 0.21726815, 0.0, 0.0, 0.0, 0.0, 0.0, 0.0, 0.0, 0.0, 0.0, 0.0, 1.0, 0.593108, 0.0, 1.0, 1.0]
Fitness read is this: 0.5357643
genome: [1.0, 1.0, 0.0, 0.87280285, 0.0, 0.0, 0.0, 0.0, 0.0, 0.0, 0.0, 0.0, 0.19186956, 0.0, 1.0, 1.0, 1.0, 0.0, 1.0, 0.0]
Fitness read is this: 0.4202786
genome: [0.30449843, 1.0, 0.023500618, 1.0, 0.0, 0.0, 0.0, 0.0, 0.0, 0.0, 0.0, 0.0, 0.0, 0.0, 1.0, 1.0, 1.0, 0.0, 1.0, 0.23317379]
Fitness read is this: 0.25926274
genome: [1.0, 1.0, 0.09262995, 1.0, 0.0, 0.0, 0.0, 0.0, 0.0, 0.0, 0.0, 0.0, 0.19186956, 0.0, 1.0, 1.0, 1.0, 0.0, 1.0, 0.0]
[AbstractHannsNode] <-io/inStates Received new reinforcement & state description [1.0, 0.29262996, 1.1]
Fitness read is this: 0.47389507
genome: [0.0, 1.0, 0.09262995, 1.0, 1.0, 0.0, 0.0, 0.0, 0.0, 0.0, 0.0, 0.0, 0.19186956, 0.0, 0.2607879, 1.0, 0.0, 0.0, 1.0, 0.23317379]
Fitness read is this: 0.42163855
genome: [1.0, 1.0, 1.0, 0.0, 0.0, 0.0, 0.0, 0.0, 0.0, 0.0, 0.0, 0.0, 0.19186956, 0.0, 1.0, 1.0, 1.0, 0.0, 1.0, 0.0]
Fitness read is this: 0.5033531
genome: [1.0, 1.0, 0.09262995, 1.0, 0.0, 0.0, 0.0, 0.97205514, 0.0, 0.0, 0.0, 0.0, 1.0, 0.0, 1.0, 1.0, 1.0, 0.0, 1.0, 0.23317379]
[AbstractHannsNode] <-io/inStates Received new reinforcement & state description [0.0, 0.1, 0.0]
[AbstractHannsNode] <-io/inStates Received new reinforcement & state description [0.0, 0.2, 0.1]
[AbstractHannsNode] <-io/inStates Received new reinforcement & state description [0.0, 0.02607879, 0.1]
Fitness read is this: 0.48899406
genome: [0.0, 0.5425813, 0.023500618, 1.0, 0.0, 0.0, 0.0, 0.0, 0.0, 0.0, 0.0, 0.0, 0.19186956, 0.0, 1.0, 0.7998341, 1.0, 0.0, 1.0, 0.0]
Fitness read is this: 0.52900475
genome: [1.0, 1.0, 0.0, 0.87280285, 0.0, 0.0, 0.0, 0.0, 0.0, 0.0, 0.0, 0.0, 0.19186956, 0.0, 0.070223734, 1.0, 1.0, 0.0, 1.0, 0.23317379]
Fitness read is this: 0.20165324
genome: [0.55470026, 1.0, 0.0, 0.0, 1.0, 0.0, 0.0, 0.0, 0.0, 0.0, 0.0, 0.0, 0.19186956, 0.0, 1.0, 1.0, 1.0, 0.0, 1.0, 0.0]
Fitness read is this: 0.3651557
genome: [1.0, 1.0, 0.0, 0.87280285, 1.0, 0.0, 0.0, 0.0, 0.0, 0.0, 0.0, 0.0, 0.0, 0.0, 0.0, 1.0, 0.593108, 0.0, 1.0, 1.0]
Fitness read is this: 0.49474704
genome: [0.55470026, 1.0, 0.0, 0.0, 1.0, 0.0, 0.0, 0.0, 0.0, 0.0, 0.0, 0.0, 1.0, 0.0, 1.0, 1.0, 1.0, 0.0, 1.0, 0.0]
Fitness read is this: 0.50547963
genome: [0.55470026, 1.0, 0.0, 0.87280285, 0.0, 0.0, 0.0, 0.0, 0.0, 0.0, 0.0, 0.0, 0.19186956, 0.0, 0.070223734, 1.0, 0.0, 0.0, 1.0, 0.23317379]
Fitness read is this: 0.48971403
genome: [0.17052388, 0.8725306, 0.0, 0.87280285, 0.21726815, 0.0, 0.0, 0.0, 0.0, 0.0, 0.0, 0.0, 0.0, 0.0, 0.44572425, 1.0, 0.96321154, 0.0, 1.0, 1.0]
Fitness read is this: 0.50044
genome: [1.0, 1.0, 0.0, 0.87280285, 1.0, 0.0, 0.0, 0.0, 0.0, 0.0, 0.0, 0.0, 0.19186956, 0.0, 1.0, 1.0, 1.0, 0.0, 1.0, 0.0]
Fitness read is this: 0.55202985
genome: [0.0, 1.0, 0.09262995, 1.0, 0.0, 0.0, 0.0, 0.0, 0.0, 0.0, 0.0, 0.0, 0.0, 0.0, 0.0, 1.0, 0.593108, 0.0, 1.0, 1.0]
Fitness read is this: 0.5386374
genome: [0.0, 0.63403744, 0.09262995, 1.0, 0.9340494, 0.0, 0.0, 0.0, 0.0, 0.0, 0.0, 0.0, 0.19186956, 0.0, 0.44572425, 1.0, 0.96321154, 0.0, 1.0, 0.23317379]
Fitness read is this: 0.47871476
Fitness read is this: 0.51088595
Fitness read is this: 0.45380974
[AbstractEA] Generation ended here, apply operators now!
GEN: 79 best ind(0):  G: F[ok]=0.5898339748382568 [0.0, 1.0, 0.09262995, 1.0, 0.0, 0.0, 0.0, 0.0, 0.19186956, 1.0, 1.0, 1.0, 1.0, 0.0]
genome: [1.0, 1.0, 1.0, 0.87280285, 1.0, 0.0, 0.0, 0.0, 0.0, 0.0, 0.0, 0.0, 0.19186956, 0.0, 0.2607879, 1.0, 0.0, 0.0, 1.0, 0.23317379]
genome: [1.0, 1.0, 0.547416, 0.87280285, 1.0, 0.0, 0.0, 0.0, 0.0, 0.0, 0.0, 0.0, 0.19186956, 0.0, 0.2607879, 1.0, 0.0, 0.0, 1.0, 0.23317379]
genome: [1.0, 1.0, 0.0, 0.29666722, 1.0, 0.0, 0.0, 0.0, 0.0, 0.0, 0.0, 0.0, 0.0, 0.0, 0.0, 1.0, 0.593108, 0.0, 1.0, 0.0]
[AbstractHannsNode] <-io/inStates Received new reinforcement & state description [0.0, 0.30431515, 0.44663477]
[AbstractHannsNode] <-io/inStates Received new reinforcement & state description [0.0, 0.2782364, 0.34663478]
[AbstractHannsNode] <-io/inStates Received new reinforcement & state description [1.0, 1.1260788, 0.9961202]
[AbstractHannsNode] <-io/inStates Received new reinforcement & state description [0.0, 0.1, 0.0]
Fitness read is this: 0.52994466
genome: [0.0, 0.5425813, 0.023500618, 1.0, 0.0, 0.0, 0.0, 0.0, 0.0, 0.0, 0.0, 0.0, 0.0, 0.0, 0.33008575, 0.7998341, 1.0, 0.0, 1.0, 1.0]
Fitness read is this: 0.49420708
genome: [0.0, 0.5425813, 0.023500618, 1.0, 0.0, 0.0, 0.0, 0.0, 0.0, 0.0, 0.0, 0.0, 0.0, 0.0, 0.33008575, 0.7998341, 1.0, 0.0, 1.0, 1.0]
Fitness read is this: 0.42661154
genome: [1.0, 1.0, 0.4395988, 0.0, 0.9340494, 0.0, 0.0, 0.0, 0.0, 0.0, 0.0, 0.0, 0.19186956, 0.0, 1.0, 0.0, 1.0, 0.0, 1.0, 1.0]
Fitness read is this: 0.44179726
genome: [1.0, 1.0, 0.0, 0.87280285, 0.0, 0.0, 0.0, 0.0, 0.0, 0.0, 0.0, 0.0, 0.19186956, 0.0, 1.0, 1.0, 1.0, 0.0, 1.0, 0.0]
Fitness read is this: 0.39888674
genome: [1.0, 1.0, 0.09262995, 1.0, 0.0, 0.0, 0.0, 0.0, 0.0, 0.0, 0.0, 0.0, 0.19186956, 0.0, 1.0, 1.0, 1.0, 0.0, 1.0, 0.0]
Fitness read is this: 0.39534694
genome: [1.0, 1.0, 0.0, 0.87280285, 1.0, 0.0, 0.0, 0.0, 0.0, 0.0, 0.0, 0.0, 0.19186956, 0.0, 1.0, 1.0, 0.0, 0.0, 1.0, 0.23317379]
Fitness read is this: 0.555043
genome: [0.03027015, 1.0, 1.0, 0.87280285, 1.0, 0.0, 0.0, 0.0, 0.0, 0.0, 0.0, 0.0, 0.36945206, 0.0, 0.2607879, 1.0, 1.0, 0.0, 1.0, 0.0]
Fitness read is this: 0.58594763
genome: [1.0, 1.0, 0.09262995, 0.87280285, 1.0, 0.0, 0.0, 0.0, 0.0, 0.0, 0.0, 0.0, 0.19186956, 0.0, 1.0, 0.81450087, 0.48493913, 0.0, 1.0, 1.0]
Fitness read is this: 0.45107657
genome: [0.0, 1.0, 0.0, 1.0, 0.0, 0.0, 0.0, 0.0, 0.0, 0.0, 0.0, 0.0, 0.19186956, 0.0, 1.0, 1.0, 1.0, 0.0, 1.0, 0.0]
Fitness read is this: 0.44131726
genome: [1.0, 0.38245878, 0.01729457, 0.87280285, 1.0, 0.0, 0.0, 0.0, 0.0, 0.0, 0.0, 0.0, 0.19186956, 0.0, 1.0, 1.0, 0.593108, 0.0, 0.0, 1.0]
Fitness read is this: 0.5460636
genome: [1.0, 1.0, 0.0, 0.87280285, 1.0, 0.0, 0.0, 0.0, 0.0, 0.0, 0.0, 0.0, 0.0, 0.0, 0.0, 1.0, 0.0, 0.0, 1.0, 0.23317379]
Fitness read is this: 0.38818073
genome: [1.0, 0.38245878, 0.01729457, 0.87280285, 1.0, 0.0, 0.0, 0.0, 0.0, 0.0, 0.0, 0.0, 0.19186956, 0.0, 1.0, 1.0, 0.0, 0.0, 1.0, 1.0]
[AbstractHannsNode] <-io/inStates Received new reinforcement & state description [0.38245878, 0.11729457, 1.0728029]
Fitness read is this: 0.3617226
genome: [0.17052388, 0.8725306, 0.0, 0.87280285, 0.21726815, 0.0, 0.0, 0.0, 0.0, 0.0, 0.0, 0.0, 0.0, 0.0, 0.44572425, 1.0, 0.96321154, 0.0, 1.0, 0.23317379]
Fitness read is this: 0.5052663
genome: [1.0, 1.0, 0.01729457, 0.66598165, 0.21726815, 0.0, 0.0, 0.0, 0.0, 0.0, 0.0, 0.0, 0.19186956, 0.0, 1.0, 1.0, 0.0, 0.0, 1.0, 0.23317379]
Fitness read is this: 0.23136461
genome: [1.0, 1.0, 0.0, 0.87280285, 1.0, 0.0, 0.0, 0.0, 0.0, 0.0, 0.0, 0.0, 0.0, 0.0, 0.0, 1.0, 1.0, 0.0, 1.0, 0.0]
[AbstractHannsNode] <-io/inStates Received new reinforcement & state description [0.0, 0.0, 0.0]
[AbstractHannsNode] <-io/inStates Received new reinforcement & state description [0.0, 0.0, 0.1]
[AbstractHannsNode] <-io/inStates Received new reinforcement & state description [0.0, 0.2, 0.12331738]
Fitness read is this: 0.4951403
genome: [0.0, 1.0, 0.09262995, 1.0, 0.0, 0.0, 0.0, 0.0, 0.0, 0.0, 0.0, 0.0, 1.0, 0.0, 1.0, 1.0, 1.0, 0.0, 1.0, 0.0]
Fitness read is this: 0.49988002
genome: [0.55470026, 1.0, 0.0, 0.0, 1.0, 0.0, 0.0, 0.0, 0.0, 0.0, 0.0, 0.0, 0.19186956, 0.0, 1.0, 1.0, 1.0, 0.0, 1.0, 0.0]
Fitness read is this: 0.3917805
genome: [0.55470026, 1.0, 0.0, 0.0, 1.0, 0.0, 0.0, 0.0, 0.0, 0.0, 0.0, 0.0, 0.19186956, 0.0, 1.0, 1.0, 0.0, 0.0, 1.0, 1.0]
Fitness read is this: 0.5517899
genome: [1.0, 1.0, 0.547416, 0.87280285, 1.0, 0.0, 0.0, 0.0, 0.0, 0.0, 0.0, 0.0, 0.19186956, 0.0, 0.2607879, 1.0, 1.0, 0.0, 1.0, 0.0]
Fitness read is this: 0.48765415
genome: [0.17052388, 0.8725306, 0.0, 0.87280285, 0.21726815, 0.0, 0.0, 0.0, 0.0, 0.0, 0.0, 0.0, 0.19186956, 0.0, 0.0, 1.0, 0.0, 0.0, 1.0, 0.23317379]
Fitness read is this: 0.22985798
genome: [1.0, 1.0, 0.0, 0.87280285, 1.0, 0.0, 0.0, 0.0, 0.0, 0.0, 0.0, 0.0, 0.0, 0.0, 0.44572425, 1.0, 0.96321154, 0.0, 0.32718527, 1.0]
Fitness read is this: 0.46302247
genome: [1.0, 1.0, 0.09262995, 1.0, 0.0, 0.0, 0.0, 0.0, 0.0, 0.0, 0.0, 0.0, 0.36945206, 0.0, 0.2607879, 1.0, 1.0, 0.0, 1.0, 0.0]
Fitness read is this: 0.12466502
genome: [0.03027015, 1.0, 0.8515481, 0.87280285, 1.0, 0.0, 0.0, 0.0, 0.0, 0.0, 0.0, 0.0, 0.19186956, 0.0, 1.0, 1.0, 0.42963478, 0.0, 1.0, 0.0]
Fitness read is this: 0.23967737
genome: [1.0, 1.0, 0.0, 0.87280285, 0.0, 0.0, 0.0, 0.0, 0.0, 0.0, 0.0, 0.0, 0.19186956, 0.0, 0.070223734, 1.0, 1.0, 0.0, 1.0, 1.0]
Fitness read is this: 0.53700423
genome: [1.0, 1.0, 0.0, 0.0, 1.0, 0.0, 0.0, 0.0, 0.0, 0.0, 0.0, 0.0, 0.0, 0.0, 0.44572425, 1.0, 0.96321154, 0.0, 0.32718527, 0.23317379]
Fitness read is this: 0.41915208
genome: [1.0, 1.0, 0.0, 0.87280285, 1.0, 0.0, 0.0, 0.0, 0.0, 0.0, 0.0, 0.0, 0.19186956, 0.0, 0.33008575, 0.7998341, 1.0, 0.0, 1.0, 1.0]
Fitness read is this: 0.58329445
genome: [0.0, 0.5425813, 0.023500618, 1.0, 0.0, 0.0, 0.0, 0.0, 0.0, 0.0, 0.0, 0.0, 0.0, 0.0, 1.0, 1.0, 1.0, 0.0, 1.0, 0.0]
[AbstractHannsNode] <-io/inStates Received new reinforcement & state description [0.0, 0.14272802, 0.16995214]
[AbstractHannsNode] <-io/inStates Received new reinforcement & state description [0.0, 0.1, 0.1]
Fitness read is this: 0.3291514
genome: [0.0, 1.0, 0.09262995, 1.0, 0.0, 0.0, 0.0, 0.0, 0.0, 0.0, 0.0, 0.0, 0.36945206, 0.0, 0.091530494, 1.0, 1.0, 0.0, 1.0, 0.0]
Fitness read is this: 0.3987934
genome: [0.03027015, 1.0, 1.0, 0.87280285, 1.0, 0.0, 0.0, 0.0, 0.0, 0.0, 0.0, 0.0, 1.0, 0.0, 1.0, 1.0, 1.0, 0.0, 1.0, 0.3276046]
Fitness read is this: 0.46538228
genome: [1.0, 1.0, 0.547416, 0.87280285, 1.0, 0.0, 0.0, 0.0, 0.0, 0.0, 0.0, 0.0, 0.19186956, 0.0, 1.0, 0.0, 1.0, 0.0, 1.0, 1.0]
[AbstractHannsNode] <-io/inStates Received new reinforcement & state description [0.0, 0.3, 0.09828138]
Fitness read is this: 0.5257316
genome: [1.0, 1.0, 0.4395988, 0.0, 0.9340494, 0.0, 0.0, 0.0, 0.0, 0.0, 0.0, 0.0, 0.19186956, 0.0, 0.2607879, 1.0, 0.0, 0.0, 1.0, 0.23317379]
Fitness read is this: 0.5018332
genome: [1.0, 1.0, 0.09262995, 1.0, 0.0, 0.0, 0.0, 0.0, 0.0, 0.0, 0.0, 0.0, 0.36945206, 0.0, 0.2607879, 1.0, 1.0, 0.0, 1.0, 0.0]
Fitness read is this: 0.48005468
genome: [1.0, 1.0, 0.09262995, 1.0, 0.0, 0.0, 0.0, 0.35844627, 0.0, 0.0, 0.0, 0.0, 0.19186956, 0.0, 1.0, 1.0, 1.0, 0.0, 1.0, 0.0]
Fitness read is this: 0.47056866
genome: [0.55470026, 1.0, 0.0, 1.0, 0.0, 0.0, 0.0, 0.97205514, 0.0, 0.0, 0.0, 0.0, 1.0, 0.0, 1.0, 1.0, 1.0, 0.0, 1.0, 0.23317379]
Fitness read is this: 0.49092728
genome: [1.0, 0.28071305, 0.09262995, 0.87280285, 0.0, 0.0, 0.0, 0.0, 0.0, 0.0, 0.0, 0.0, 0.19186956, 0.0, 0.070223734, 1.0, 0.0, 0.0, 1.0, 0.42813787]
Fitness read is this: 0.3509233
genome: [0.55470026, 1.0, 0.0, 1.0, 0.0, 0.0, 0.0, 0.0, 0.0, 0.0, 0.0, 0.0, 0.36945206, 0.0, 0.091530494, 1.0, 1.0, 0.0, 1.0, 0.0]
Fitness read is this: 0.2002266
genome: [1.0, 1.0, 0.7487619, 1.0, 0.0, 0.0, 0.0, 0.97205514, 0.0, 0.0, 0.0, 0.0, 1.0, 0.0, 1.0, 1.0, 1.0, 0.0, 1.0, 0.23317379]
Fitness read is this: 0.2874142
genome: [0.17052388, 0.8725306, 0.0, 0.87280285, 0.21726815, 0.0, 0.0, 0.0, 0.0, 0.0, 0.0, 0.0, 0.0, 0.0, 0.33008575, 0.7998341, 0.0, 0.0, 1.0, 1.0]
Fitness read is this: 0.18336105
genome: [0.0, 0.0, 0.023500618, 1.0, 0.0, 0.0, 0.0, 0.0, 0.0, 0.0, 0.0, 0.0, 0.0, 0.0, 0.17705852, 1.0, 0.96321154, 0.0, 1.0, 0.23317379]
Fitness read is this: 0.08374107
genome: [1.0, 0.38245878, 0.01729457, 0.87280285, 1.0, 0.0, 0.0, 0.0, 0.0, 0.0, 0.0, 0.0, 0.19186956, 0.0, 1.0, 1.0, 0.0, 0.0, 1.0, 1.0]
Fitness read is this: 0.029731333
genome: [0.0, 1.0, 0.09262995, 1.0, 0.0, 1.0, 0.0, 0.0, 0.0, 0.0, 0.0, 0.0, 0.0, 0.0, 1.0, 1.0, 1.0, 0.0, 1.0, 0.0]
Fitness read is this: 0.4419905
genome: [1.0, 1.0, 0.0, 0.0, 1.0, 0.0, 0.0, 0.0, 0.0, 0.0, 0.0, 0.0, 0.0, 0.0, 0.44572425, 0.0, 0.96321154, 0.0, 0.32718527, 0.23317379]
[AbstractHannsNode] <-io/inStates Received new reinforcement & state description [0.0, 0.3, 0.3]
[AbstractHannsNode] <-io/inStates Received new reinforcement & state description [0.0, 0.3, 0.3]
Fitness read is this: 0.23781747
genome: [1.0, 1.0, 0.4395988, 0.15421528, 0.9340494, 0.0, 0.0, 0.0, 0.0, 0.0, 0.0, 0.0, 0.19186956, 0.0, 0.2607879, 1.0, 0.0, 0.0, 1.0, 0.23317379]
Fitness read is this: 0.0041397214
genome: [1.0, 1.0, 0.4395988, 0.15421528, 0.9340494, 0.0, 0.0, 0.0, 0.0, 0.0, 0.0, 0.0, 0.36945206, 0.0, 0.091530494, 1.0, 1.0, 0.0, 1.0, 0.0]
[AbstractHannsNode] <-io/inStates Received new reinforcement & state description [0.0, 0.4366122, 0.4]
Fitness read is this: 0.18107456
genome: [0.0, 1.0, 0.09262995, 1.0, 0.0, 0.0, 0.0, 0.0, 0.0, 0.0, 0.0, 0.0, 0.19186956, 0.0, 0.2607879, 1.0, 0.0, 0.0, 1.0, 0.23317379]
[AbstractHannsNode] <-io/inStates Received new reinforcement & state description [1.0, 0.21870872, 1.1233174]
Fitness read is this: 0.46813548
genome: [1.0, 1.0, 0.0, 0.87280285, 1.0, 0.0, 0.0, 0.0, 0.0, 0.0, 0.0, 0.0, 0.19186956, 0.0, 0.2607879, 1.0, 0.0, 0.0, 1.0, 0.23317379]
Fitness read is this: 0.3896407
Fitness read is this: 0.3560629
Fitness read is this: 0.54608357
[AbstractEA] Generation ended here, apply operators now!
GEN: 80 best ind(0):  G: F[ok]=0.5898339748382568 [0.0, 1.0, 0.09262995, 1.0, 0.0, 0.0, 0.0, 0.0, 0.19186956, 1.0, 1.0, 1.0, 1.0, 0.0]
genome: [1.0, 1.0, 0.547416, 0.87280285, 1.0, 0.0, 0.0, 0.0, 0.0, 0.0, 0.0, 0.0, 0.19186956, 0.0, 0.2607879, 1.0, 1.0, 0.0, 1.0, 0.23317379]
genome: [1.0, 1.0, 0.547416, 0.87280285, 1.0, 0.0, 0.0, 0.0, 0.0, 0.0, 0.0, 0.0, 0.19186956, 0.0, 0.2607879, 1.0, 1.0, 0.0, 1.0, 0.0]
genome: [0.03027015, 1.0, 1.0, 0.87280285, 0.0, 0.0, 0.0, 0.0, 0.0, 0.0, 0.0, 0.0, 0.36945206, 0.0, 0.091530494, 1.0, 0.93268114, 0.0, 1.0, 0.0]
Fitness read is this: 0.4764349
genome: [0.55470026, 1.0, 0.0, 1.0, 1.0, 0.0, 0.0, 0.0, 0.0, 0.0, 0.0, 0.0, 0.36945206, 0.0, 0.2607879, 1.0, 1.0, 0.0, 1.0, 0.0]
Fitness read is this: 2.9999018E-4
genome: [1.0, 1.0, 0.4395988, 0.0, 0.9340494, 0.0, 0.0, 0.0, 0.0, 0.0, 0.0, 0.0, 0.19186956, 0.0, 1.0, 0.0, 1.0, 0.0, 1.0, 1.0]
Fitness read is this: 0.52556497
genome: [1.0, 1.0, 0.4395988, 0.0, 0.9340494, 0.0, 0.0, 0.0, 0.0, 0.0, 0.0, 0.0, 0.19186956, 0.0, 1.0, 0.0, 1.0, 0.0, 1.0, 1.0]
[AbstractHannsNode] <-io/inStates Received new reinforcement & state description [0.0, 0.2, 0.1]
Fitness read is this: 0.4354776
genome: [1.0, 0.38245878, 0.01729457, 0.87280285, 1.0, 0.0, 0.0, 0.0, 0.0, 0.0, 0.0, 0.0, 0.19186956, 0.0, 1.0, 0.0, 1.0, 0.0, 1.0, 1.0]
Fitness read is this: 0.46196252
genome: [1.0, 1.0, 0.547416, 0.87280285, 1.0, 0.0, 0.0, 0.0, 0.0, 0.0, 0.0, 0.0, 0.19186956, 0.0, 1.0, 1.0, 0.0, 0.0, 1.0, 1.0]
Fitness read is this: 0.5219985
genome: [1.0, 1.0, 0.0, 0.87280285, 1.0, 0.0, 0.0, 0.0, 0.0, 0.0, 0.0, 0.0, 0.19186956, 0.0, 0.2607879, 1.0, 1.0, 0.0, 1.0, 0.0]
Fitness read is this: 0.47754818
genome: [0.0, 1.0, 0.0, 1.0, 0.0, 0.0, 0.0, 0.0, 0.0, 0.0, 0.0, 0.0, 0.19186956, 0.0, 1.0, 1.0, 0.0, 0.0, 1.0, 0.23317379]
Fitness read is this: 0.21623892
genome: [1.0, 1.0, 0.09262995, 1.0, 0.0, 0.0, 0.0, 0.0, 0.0, 0.0, 0.0, 0.0, 0.19186956, 0.0, 1.0, 1.0, 1.0, 0.0, 1.0, 0.0]
Fitness read is this: 0.5192854
genome: [0.0, 1.0, 0.09262995, 1.0, 0.0, 0.0, 0.0, 0.0, 0.0, 0.0, 0.0, 0.0, 0.36945206, 0.0, 0.2607879, 1.0, 1.0, 0.0, 1.0, 0.0]
[AbstractHannsNode] <-io/inStates Received new reinforcement & state description [0.0, 0.02607879, 0.1]
[AbstractHannsNode] <-io/inStates Received new reinforcement & state description [0.0, 0.12607878, 0.1]
[AbstractHannsNode] <-io/inStates Received new reinforcement & state description [0.0, 0.70000005, 0.46995214]
Fitness read is this: 0.41599226
genome: [0.0, 1.0, 0.09262995, 1.0, 0.0, 0.0, 0.0, 0.0, 0.0, 0.0, 0.0, 0.0, 0.36945206, 0.0, 0.2607879, 1.0, 0.0, 0.0, 1.0, 0.23317379]
Fitness read is this: 0.5523832
genome: [1.0, 1.0, 0.0, 0.87280285, 1.0, 0.0, 0.0, 0.0, 0.0, 0.0, 0.0, 0.0, 0.0, 0.0, 0.0, 0.5884944, 1.0, 0.0, 1.0, 0.0]
Fitness read is this: 0.49695355
genome: [1.0, 1.0, 0.7487619, 1.0, 0.0, 0.0, 0.0, 0.97205514, 0.0, 0.0, 0.0, 0.0, 1.0, 0.0, 1.0, 1.0, 1.0, 0.0, 1.0, 0.0]
Fitness read is this: 0.5452303
genome: [1.0, 1.0, 0.09262995, 1.0, 0.0, 0.0, 0.0, 0.35844627, 0.0, 0.0, 0.0, 0.0, 0.19186956, 0.0, 1.0, 1.0, 1.0, 0.0, 1.0, 0.23317379]
Fitness read is this: 0.4118659
genome: [1.0, 1.0, 0.7487619, 0.0, 1.0, 0.0, 0.0, 0.0, 0.0, 0.0, 0.0, 0.0, 0.19186956, 0.0, 1.0, 1.0, 1.0, 0.0, 1.0, 0.0]
Fitness read is this: 0.09135395
genome: [0.55470026, 1.0, 0.0, 1.0, 0.0, 0.0, 0.0, 0.21504366, 0.0, 0.0, 0.0, 0.0, 1.0, 0.0, 1.0, 1.0, 1.0, 0.0, 1.0, 0.7983789]
Fitness read is this: 0.5097327
genome: [0.0, 0.5425813, 0.023500618, 1.0, 1.0, 0.0, 0.0, 0.0, 0.0, 0.0, 0.0, 0.0, 0.19186956, 0.0, 0.0, 1.0, 0.0, 0.0, 1.0, 0.23317379]
Fitness read is this: 0.26535565
genome: [1.0, 1.0, 0.0, 0.87280285, 0.0, 0.0, 0.0, 0.0, 0.0, 0.0, 0.0, 0.0, 0.0, 0.0, 1.0, 1.0, 1.0, 0.0, 1.0, 0.0]
Fitness read is this: 0.2964936
genome: [1.0, 0.38245878, 0.01729457, 0.87280285, 1.0, 0.0, 0.0, 0.0, 0.0, 0.0, 0.0, 0.0, 0.19186956, 0.0, 1.0, 0.0, 1.0, 0.0, 1.0, 0.0]
[AbstractHannsNode] <-io/inStates Received new reinforcement & state description [0.0, 0.0, 0.0]
Fitness read is this: 0.52916473
genome: [1.0, 1.0, 0.547416, 0.87280285, 1.0, 0.0, 0.0, 0.0, 0.0, 0.0, 0.0, 0.0, 0.19186956, 0.0, 0.2607879, 1.0, 1.0, 0.0, 1.0, 1.0]
Fitness read is this: 0.5421505
genome: [0.0, 0.5425813, 0.023500618, 1.0, 1.0, 0.0, 0.0, 0.0, 0.0, 0.0, 0.0, 0.0, 0.19186956, 0.0, 1.0, 1.0, 0.42963478, 0.0, 1.0, 0.0]
Fitness read is this: 0.22889137
genome: [0.03027015, 1.0, 0.8515481, 0.87280285, 1.0, 0.0, 0.0, 1.0, 0.0, 0.0, 0.0, 0.0, 1.0, 0.0, 0.0, 1.0, 0.0, 0.0, 1.0, 0.23317379]
Fitness read is this: 0.41039264
genome: [0.0, 1.0, 0.09262995, 1.0, 0.0, 0.0, 0.0, 0.0, 0.0, 0.0, 0.0, 0.0, 0.19186956, 0.0, 1.0, 1.0, 1.0, 0.0, 1.0, 1.0]
Fitness read is this: 0.5327778
genome: [1.0, 1.0, 0.7487619, 1.0, 0.0, 0.0, 0.0, 0.97205514, 0.0, 0.0, 0.0, 0.0, 1.0, 0.0, 1.0, 1.0, 1.0, 0.0, 1.0, 0.0]
Fitness read is this: 0.026398242
genome: [1.0, 1.0, 0.0, 0.87280285, 1.0, 0.0, 0.0, 0.0, 0.0, 0.0, 0.0, 0.0, 0.19186956, 0.0, 1.0, 1.0, 0.0, 0.0, 1.0, 1.0]
[AbstractHannsNode] <-io/inStates Received new reinforcement & state description [0.0, 0.6, 0.6]
[AbstractHannsNode] <-io/inStates Received new reinforcement & state description [0.0, 0.5, 0.5]
Fitness read is this: 0.29344708
genome: [1.0, 1.0, 0.547416, 0.87280285, 1.0, 0.0, 0.0, 0.0, 0.0, 0.0, 0.0, 0.0, 0.19186956, 0.0, 0.2607879, 1.0, 1.0, 0.0, 1.0, 0.0]
Fitness read is this: 0.08314115
genome: [1.0, 1.0, 0.0, 0.87280285, 0.0, 0.0, 0.0, 0.35844627, 0.0, 0.0, 0.0, 0.0, 0.19186956, 0.0, 1.0, 1.0, 0.5050126, 0.0, 1.0, 0.0]
Fitness read is this: 0.2528231
genome: [1.0, 1.0, 0.09262995, 1.0, 1.0, 0.0, 0.0, 0.0, 0.0, 0.0, 0.0, 0.0, 0.19186956, 0.0, 0.2607879, 1.0, 0.0, 0.0, 1.0, 0.23317379]
[AbstractHannsNode] <-io/inStates Received new reinforcement & state description [1.0, 0.21870872, 1.1233174]
Fitness read is this: 0.57032865
genome: [1.0, 1.0, 0.547416, 0.87280285, 0.0, 1.0, 0.0, 0.35844627, 0.0, 0.0, 0.0, 0.0, 0.19186956, 0.0, 1.0, 1.0, 1.0, 0.0, 1.0, 0.23317379]
Fitness read is this: 0.38151455
genome: [1.0, 1.0, 0.09262995, 1.0, 1.0, 0.0, 0.0, 0.0, 0.0, 0.0, 0.0, 0.0, 0.19186956, 0.0, 1.0, 0.0, 1.0, 0.0, 1.0, 1.0]
Fitness read is this: 0.5240251
genome: [0.49981594, 1.0, 0.09262995, 1.0, 1.0, 0.0, 0.0, 0.0, 0.0, 0.0, 0.0, 0.0, 0.19186956, 0.0, 1.0, 1.0, 1.0, 0.0, 1.0, 0.0]
[AbstractHannsNode] <-io/inStates Received new reinforcement & state description [0.0, 0.0, 0.0]
[AbstractHannsNode] <-io/inStates Received new reinforcement & state description [0.0, 0.1, 0.0]
Fitness read is this: 0.03762418
genome: [0.0, 1.0, 0.09262995, 1.0, 0.0, 0.0, 0.0, 0.0, 0.0, 0.0, 0.0, 0.0, 0.19186956, 0.0, 1.0, 0.0, 1.0, 0.0, 1.0, 1.0]
Fitness read is this: 0.53727746
genome: [0.55470026, 1.0, 0.0, 1.0, 0.0, 0.0, 0.0, 0.0, 0.0, 0.0, 0.0, 0.0, 0.19186956, 0.0, 0.2607879, 1.0, 1.0, 0.0, 1.0, 0.0]
Fitness read is this: 0.56688887
genome: [1.0, 1.0, 0.547416, 0.87280285, 1.0, 0.0, 0.0, 0.97205514, 0.0, 0.0, 0.0, 0.0, 1.0, 0.0, 1.0, 1.0, 1.0, 0.0, 1.0, 0.23317379]
Fitness read is this: 0.42585826
genome: [1.0, 0.28071305, 0.09262995, 0.87280285, 1.0, 0.0, 0.0, 0.0, 0.0, 0.0, 0.0, 0.0, 0.19186956, 0.0, 1.0, 1.0, 0.0, 0.0, 1.0, 1.0]
Fitness read is this: 0.52900475
genome: [1.0, 1.0, 0.0, 0.87280285, 0.0, 0.0, 0.0, 0.0, 0.0, 0.0, 0.0, 0.0, 0.19186956, 0.0, 0.070223734, 1.0, 0.0, 0.0, 1.0, 0.42813787]
Fitness read is this: 0.08574098
genome: [1.0, 1.0, 0.09262995, 1.0, 1.0, 0.0, 0.0, 0.0, 0.0, 0.0, 0.0, 0.0, 0.19186956, 0.0, 0.6719932, 1.0, 0.0, 0.0, 1.0, 1.0]
Fitness read is this: 0.21394575
genome: [1.0, 1.0, 0.0, 0.87280285, 0.0, 0.0, 0.0, 0.0, 0.0, 0.0, 0.0, 0.0, 0.19186956, 0.0, 1.0, 0.0, 1.0, 0.0, 1.0, 1.0]
Fitness read is this: 0.46262246
genome: [0.0, 1.0, 0.0, 1.0, 0.0, 0.0, 0.0, 0.21504366, 0.0, 0.0, 0.0, 0.0, 1.0, 0.0, 1.0, 1.0, 1.0, 0.0, 1.0, 0.7983789]
Fitness read is this: 0.4065196
genome: [0.55470026, 1.0, 0.09262995, 1.0, 0.0, 0.0, 0.0, 0.0, 0.0, 0.0, 0.0, 0.0, 0.19186956, 0.0, 1.0, 1.0, 1.0, 0.0, 1.0, 0.0]
[AbstractHannsNode] <-io/inStates Received new reinforcement & state description [0.0, 0.2, 0.3741877]
[AbstractHannsNode] <-io/inStates Received new reinforcement & state description [0.0, 0.2, 0.3741877]
Fitness read is this: 0.5543097
genome: [0.0, 0.5425813, 0.023500618, 1.0, 1.0, 0.0, 0.0, 0.0, 0.0, 0.0, 0.0, 0.0, 0.0, 0.0, 1.0, 0.0, 1.0, 0.0, 1.0, 1.0]
Fitness read is this: 0.25588292
genome: [1.0, 0.38245878, 0.01729457, 0.87280285, 1.0, 0.0, 0.0, 0.0, 0.0, 0.0, 0.0, 0.0, 0.19186956, 0.0, 0.0, 1.0, 0.0, 0.0, 1.0, 0.23317379]
Fitness read is this: 0.40938604
genome: [0.55470026, 1.0, 0.4395988, 0.0, 0.9340494, 0.0, 0.0, 0.0, 0.0, 0.0, 0.0, 0.0, 0.19186956, 0.0, 1.0, 0.0, 1.0, 0.0, 1.0, 1.0]
[AbstractHannsNode] <-io/inStates Received new reinforcement & state description [0.0, 1.2, 0.3]
[AbstractHannsNode] <-io/inStates Received new reinforcement & state description [0.0, 1.1, 0.3]
Fitness read is this: 0.52019864
genome: [1.0, 1.0, 0.0, 1.0, 0.0, 0.0, 0.0, 0.21504366, 0.0, 0.0, 0.0, 0.0, 1.0, 0.0, 1.0, 1.0, 1.0, 0.0, 1.0, 0.7983789]
Fitness read is this: 0.36586225
genome: [0.0, 1.0, 0.09262995, 1.0, 0.0, 0.0, 0.0, 0.0, 0.0, 0.0, 0.0, 0.0, 0.19186956, 0.0, 1.0, 1.0, 1.0, 0.0, 1.0, 0.23317379]
Fitness read is this: 0.38872743
genome: [1.0, 1.0, 0.547416, 0.87280285, 1.0, 0.0, 0.45911777, 0.97205514, 0.0, 0.0, 0.0, 0.0, 1.0, 0.0, 1.0, 1.0, 0.99404883, 0.0, 1.0, 1.0]
[AbstractHannsNode] <-io/inStates Received new reinforcement & state description [0.0, 0.0, 0.10752183]
Fitness read is this: 0.26026928
genome: [0.0, 1.0, 0.0, 1.0, 0.0, 0.0, 0.0, 0.21504366, 0.0, 0.0, 0.0, 0.0, 0.708747, 0.0, 1.0, 1.0, 1.0, 0.0, 1.0, 0.0]
Fitness read is this: 0.47994804
Fitness read is this: 0.109579325
Fitness read is this: 0.35491633
[AbstractEA] evolution ended.